Adapter,Driver,Adapter-Driver,Good Sum,Critical Sum,Warning Sum,Client Count,Total Sum,Good Roaming Calculation (%)
Intel(R) Wi-Fi 6E AX211 160MHz,22.250.0.4,Intel(R) Wi-Fi 6E AX211 160MHz - 22.250.0.4,6956,4,0,12,6960,99.9%
Intel(R) Wi-Fi 6 AX201 160MHz,23.50.0.6,Intel(R) Wi-Fi 6 AX201 160MHz - 23.50.0.6,3415,4,0,8,3419,99.9%
Intel(R) Dual Band Wireless-AC 8265,20.30.1.2,Intel(R) Dual Band Wireless-AC 8265 - 20.30.1.2,1402,2,0,4,1404,99.9%
Intel(R) Wi-Fi 6 AX200 160MHz,22.70.0.6,Intel(R) Wi-Fi 6 AX200 160MHz - 22.70.0.6,2099,2,0,5,2101,99.9%
Intel(R) Wireless-AC 9260 160MHz,22.240.0.6,Intel(R) Wireless-AC 9260 160MHz - 22.240.0.6,2858,2,0,2,2860,99.9%
Intel(R) Wireless-AC 9260 160MHz,22.220.0.4,Intel(R) Wireless-AC 9260 160MHz - 22.220.0.4,7040,8,0,5,7048,99.9%
Intel(R) Dual Band Wireless-AC 8265,20.70.16.4,Intel(R) Dual Band Wireless-AC 8265 - 20.70.16.4,4186,6,0,8,4192,99.9%
Intel(R) Wi-Fi 6E AX211 160MHz,22.230.0.8,Intel(R) Wi-Fi 6E AX211 160MHz - 22.230.0.8,11984,12,0,27,11996,99.9%
Intel(R) Wi-Fi 6 AX201 160MHz,23.20.0.4,Intel(R) Wi-Fi 6 AX201 160MHz - 23.20.0.4,1583,1,0,4,1584,99.9%
Intel(R) Wireless-AC 9560 160MHz,21.90.3.2,Intel(R) Wireless-AC 9560 160MHz - 21.90.3.2,1853,2,0,2,1855,99.9%
Intel(R) Wi-Fi 6 AX201 160MHz,23.100.0.4,Intel(R) Wi-Fi 6 AX201 160MHz - 23.100.0.4,11695,10,0,11,11705,99.9%
Intel(R) Wi-Fi 6 AX201 160MHz,22.250.1.2,Intel(R) Wi-Fi 6 AX201 160MHz - 22.250.1.2,32337,29,0,69,32366,99.9%
Intel(R) Wi-Fi 6 AX201 160MHz,22.160.0.3,Intel(R) Wi-Fi 6 AX201 160MHz - 22.160.0.3,4313,4,0,8,4317,99.9%
Intel(R) Dual Band Wireless-AC 8265,21.120.0.9,Intel(R) Dual Band Wireless-AC 8265 - 21.120.0.9,1438,1,0,1,1439,99.9%
Intel(R) Wi-Fi 6 AX201 160MHz,22.130.0.5,Intel(R) Wi-Fi 6 AX201 160MHz - 22.130.0.5,2379,2,0,6,2381,99.9%
Intel(R) Wi-Fi 6 AX201 160MHz,21.80.2.1,Intel(R) Wi-Fi 6 AX201 160MHz - 21.80.2.1,3483,4,0,10,3487,99.9%
Intel(R) Wireless-AC 9260 160MHz,22.90.0.5,Intel(R) Wireless-AC 9260 160MHz - 22.90.0.5,54733,71,0,44,54804,99.9%
Intel(R) Wireless-AC 9260 160MHz,22.250.1.2,Intel(R) Wireless-AC 9260 160MHz - 22.250.1.2,19988,27,0,16,20015,99.9%
Realtek RTL8852BE WiFi 6 802.11ax PCIe Adapter,6001.15.131.0,Realtek RTL8852BE WiFi 6 802.11ax PCIe Adapter - 6001.15.131.0,27607,22,0,24,27629,99.9%
Intel(R) Wireless-AC 9560 160MHz,23.120.0.3,Intel(R) Wireless-AC 9560 160MHz - 23.120.0.3,1849,1,0,2,1850,99.9%
Intel(R) Wireless-AC 9560 160MHz,23.60.1.2,Intel(R) Wireless-AC 9560 160MHz - 23.60.1.2,150362,183,0,138,150545,99.9%
Intel(R) Wireless-AC 9560 160MHz,23.90.0.2,Intel(R) Wireless-AC 9560 160MHz - 23.90.0.2,259013,228,0,197,259241,99.9%
Realtek RTL8852BE WiFi 6 802.11ax PCIe Adapter,6001.15.123.333,Realtek RTL8852BE WiFi 6 802.11ax PCIe Adapter - 6001.15.123.333,1435,2,0,1,1437,99.9%
Qualcomm FastConnect 6900 Wi-Fi 6E Dual Band Simultaneous (DBS) WiFiCx Network Adapter,2.0.0.1229,Qualcomm FastConnect 6900 Wi-Fi 6E Dual Band Simultaneous (DBS) WiFiCx Network Adapter - 2.0.0.1229,22284,20,0,30,22304,99.9%
MediaTek MT7921 Wi-Fi 6 802.11ax PCIe Adapter,3.0.1.1317,MediaTek MT7921 Wi-Fi 6 802.11ax PCIe Adapter - 3.0.1.1317,1447,2,0,7,1449,99.9%
Intel(R) Dual Band Wireless-AC 7265,19.51.15.3,Intel(R) Dual Band Wireless-AC 7265 - 19.51.15.3,14854,18,0,12,14872,99.9%
Intel(R) Wireless-AC 9560 160MHz,22.120.0.3,Intel(R) Wireless-AC 9560 160MHz - 22.120.0.3,4485,7,0,4,4492,99.8%
Intel(R) Dual Band Wireless-AC 8260,20.70.3.3,Intel(R) Dual Band Wireless-AC 8260 - 20.70.3.3,17106,35,0,16,17141,99.8%
Realtek RTL8852BE WiFi 6 802.11ax PCIe Adapter,6001.15.149.100,Realtek RTL8852BE WiFi 6 802.11ax PCIe Adapter - 6001.15.149.100,173536,313,0,155,173849,99.8%
Intel(R) Wi-Fi 6 AX201 160MHz,22.150.0.3,Intel(R) Wi-Fi 6 AX201 160MHz - 22.150.0.3,16939,29,0,18,16968,99.8%
Intel(R) Wi-Fi 6 AX201 160MHz,22.170.0.3,Intel(R) Wi-Fi 6 AX201 160MHz - 22.170.0.3,7261,15,0,13,7276,99.8%
Intel(R) Wi-Fi 6 AX201 160MHz,22.190.0.4,Intel(R) Wi-Fi 6 AX201 160MHz - 22.190.0.4,11152,21,0,25,11173,99.8%
Intel(R) Wi-Fi 6 AX201 160MHz,21.10.2.2,Intel(R) Wi-Fi 6 AX201 160MHz - 21.10.2.2,482,1,0,2,483,99.8%
Intel(R) Dual Band Wireless-AC 8265,20.70.3.3,Intel(R) Dual Band Wireless-AC 8265 - 20.70.3.3,18845,40,0,18,18885,99.8%
Intel(R) Wi-Fi 6E AX210 160MHz,23.120.0.3,Intel(R) Wi-Fi 6E AX210 160MHz - 23.120.0.3,8178,18,0,14,8196,99.8%
Intel(R) Wi-Fi 6 AX201 160MHz,23.40.0.4,Intel(R) Wi-Fi 6 AX201 160MHz - 23.40.0.4,67975,132,0,151,68107,99.8%
Intel(R) Wireless-AC 9560 160MHz,21.40.1.4,Intel(R) Wireless-AC 9560 160MHz - 21.40.1.4,1141,2,0,1,1143,99.8%
Intel(R) Wi-Fi 6E AX211 160MHz,22.240.0.6,Intel(R) Wi-Fi 6E AX211 160MHz - 22.240.0.6,2835,5,0,7,2840,99.8%
Intel(R) Wi-Fi 6E AX211 160MHz,22.250.10.1,Intel(R) Wi-Fi 6E AX211 160MHz - 22.250.10.1,5308,13,0,14,5321,99.8%
Intel(R) Wi-Fi 6E AX211 160MHz,23.40.0.4,Intel(R) Wi-Fi 6E AX211 160MHz - 23.40.0.4,8388,20,0,19,8408,99.8%
Marvell AVASTAR Wireless-AC Network Controller,15.68.17022.122,Marvell AVASTAR Wireless-AC Network Controller - 15.68.17022.122,2979,7,0,10,2986,99.8%
Intel(R) Wi-Fi 6E AX211 160MHz,23.80.0.7,Intel(R) Wi-Fi 6E AX211 160MHz - 23.80.0.7,46866,99,0,20,46965,99.8%
Linux,iwlwifi,iwlwifi,20204,38,0,18,20242,99.8%
Intel(R) Wireless-AC 9560 160MHz,22.30.0.11,Intel(R) Wireless-AC 9560 160MHz - 22.30.0.11,6067,11,0,6,6078,99.8%
Intel(R) Wireless-AC 9260 160MHz,23.50.0.6,Intel(R) Wireless-AC 9260 160MHz - 23.50.0.6,7382,14,0,7,7396,99.8%
Intel(R) Wi-Fi 6 AX200 160MHz,23.60.1.2,Intel(R) Wi-Fi 6 AX200 160MHz - 23.60.1.2,52130,91,0,44,52221,99.8%
Fi,16.0 (1657),Fi - 16.0 (1657),78348,152,0,193,78500,99.8%
Intel(R) Dual Band Wireless-AC 7265,19.51.12.3,Intel(R) Dual Band Wireless-AC 7265 - 19.51.12.3,1837,4,0,3,1841,99.8%
Intel(R) Dual Band Wireless-AC 8265,20.70.27.1,Intel(R) Dual Band Wireless-AC 8265 - 20.70.27.1,7698,16,0,9,7714,99.8%
Intel(R) Dual Band Wireless-AC 8265,20.70.25.2,Intel(R) Dual Band Wireless-AC 8265 - 20.70.25.2,13538,29,0,25,13567,99.8%
Intel(R) Dual Band Wireless-AC 8265,20.70.4.2,Intel(R) Dual Band Wireless-AC 8265 - 20.70.4.2,101270,228,0,77,101498,99.8%
Intel(R) Dual Band Wireless-AC 7260,18.33.17.1,Intel(R) Dual Band Wireless-AC 7260 - 18.33.17.1,7171,11,0,5,7182,99.8%
Intel(R) Wi-Fi 6 AX201 160MHz,22.40.0.7,Intel(R) Wi-Fi 6 AX201 160MHz - 22.40.0.7,39474,121,0,66,39595,99.7%
Intel(R) Wi-Fi 6E AX210 160MHz,23.80.0.7,Intel(R) Wi-Fi 6E AX210 160MHz - 23.80.0.7,783,2,0,2,785,99.7%
Intel(R) Wi-Fi 6 AX201 160MHz,22.100.1.1,Intel(R) Wi-Fi 6 AX201 160MHz - 22.100.1.1,1159,4,0,3,1163,99.7%
Intel(R) Wireless-AC 9260 160MHz,22.170.0.3,Intel(R) Wireless-AC 9260 160MHz - 22.170.0.3,23485,75,0,18,23560,99.7%
Intel(R) Dual Band Wireless-AC 7260,18.33.14.3,Intel(R) Dual Band Wireless-AC 7260 - 18.33.14.3,1412,4,0,1,1416,99.7%
Intel(R) Wi-Fi 6 AX201 160MHz,22.230.0.8,Intel(R) Wi-Fi 6 AX201 160MHz - 22.230.0.8,26114,75,0,39,26189,99.7%
Intel(R) Wi-Fi 6 AX201 160MHz,22.240.0.6,Intel(R) Wi-Fi 6 AX201 160MHz - 22.240.0.6,26800,91,0,49,26891,99.7%
Intel(R) Dual Band Wireless-AC 8265,20.70.32.1,Intel(R) Dual Band Wireless-AC 8265 - 20.70.32.1,22383,61,0,43,22444,99.7%
Intel(R) Wi-Fi 6 AX201 160MHz,22.30.0.11,Intel(R) Wi-Fi 6 AX201 160MHz - 22.30.0.11,2183,6,0,3,2189,99.7%
Intel(R) Wireless-AC 9260 160MHz,22.30.0.11,Intel(R) Wireless-AC 9260 160MHz - 22.30.0.11,7784,24,0,7,7808,99.7%
Intel(R) Wi-Fi 6 AX200 160MHz,22.200.0.6,Intel(R) Wi-Fi 6 AX200 160MHz - 22.200.0.6,3243,10,0,3,3253,99.7%
Intel(R) Wi-Fi 6 AX201 160MHz,23.40.1.1,Intel(R) Wi-Fi 6 AX201 160MHz - 23.40.1.1,1743,5,0,3,1748,99.7%
Intel(R) Wi-Fi 6E AX211 160MHz,23.120.0.3,Intel(R) Wi-Fi 6E AX211 160MHz - 23.120.0.3,86563,233,0,118,86796,99.7%
Intel(R) Wi-Fi 6 AX201 160MHz,23.30.0.6,Intel(R) Wi-Fi 6 AX201 160MHz - 23.30.0.6,20525,60,0,57,20585,99.7%
Realtek RTL8852BE WiFi 6 802.11ax PCIe Adapter,6001.15.123.320,Realtek RTL8852BE WiFi 6 802.11ax PCIe Adapter - 6001.15.123.320,1433,5,0,1,1438,99.7%
Realtek RTL8852AE WiFi 6 802.11ax PCIe Adapter,6001.10.356.1,Realtek RTL8852AE WiFi 6 802.11ax PCIe Adapter - 6001.10.356.1,43833,122,0,60,43955,99.7%
Intel(R) Wi-Fi 6 AX200 160MHz,22.250.1.2,Intel(R) Wi-Fi 6 AX200 160MHz - 22.250.1.2,4866,20,0,16,4886,99.6%
Intel(R) Wi-Fi 6 AX201 160MHz,22.100.0.3,Intel(R) Wi-Fi 6 AX201 160MHz - 22.100.0.3,3421,15,0,7,3436,99.6%
Intel(R) Wi-Fi 6E AX211 160MHz,23.110.0.5,Intel(R) Wi-Fi 6E AX211 160MHz - 23.110.0.5,123792,468,0,107,124260,99.6%
Intel(R) Wi-Fi 6 AX201 160MHz,22.200.2.1,Intel(R) Wi-Fi 6 AX201 160MHz - 22.200.2.1,41003,152,0,101,41155,99.6%
Intel(R) Wi-Fi 6E AX211 160MHz,22.200.2.1,Intel(R) Wi-Fi 6E AX211 160MHz - 22.200.2.1,12783,56,0,28,12839,99.6%
Intel(R) Wi-Fi 6E AX211 160MHz,23.60.1.2,Intel(R) Wi-Fi 6E AX211 160MHz - 23.60.1.2,423976,1555,0,823,425531,99.6%
Intel(R) Wi-Fi 6E AX211 160MHz,23.30.0.6,Intel(R) Wi-Fi 6E AX211 160MHz - 23.30.0.6,10552,43,0,11,10595,99.6%
Intel(R) Wi-Fi 6 AX200 160MHz,23.80.0.7,Intel(R) Wi-Fi 6 AX200 160MHz - 23.80.0.7,24510,100,0,53,24610,99.6%
Intel(R) Dual Band Wireless-AC 8265,20.70.24.1,Intel(R) Dual Band Wireless-AC 8265 - 20.70.24.1,18169,75,0,17,18244,99.6%
Intel(R) Wi-Fi 6 AX201 160MHz,23.60.1.2,Intel(R) Wi-Fi 6 AX201 160MHz - 23.60.1.2,536432,1971,0,1067,538403,99.6%
Intel(R) Dual Band Wireless-AC 8265,20.70.21.2,Intel(R) Dual Band Wireless-AC 8265 - 20.70.21.2,13104,51,0,22,13155,99.6%
Intel(R) Wireless-AC 9260 160MHz,21.20.1.1,Intel(R) Wireless-AC 9260 160MHz - 21.20.1.1,450,2,0,2,452,99.6%
Intel(R) Wi-Fi 6 AX201 160MHz,22.250.10.1,Intel(R) Wi-Fi 6 AX201 160MHz - 22.250.10.1,4167,23,0,16,4190,99.5%
Intel(R) Wi-Fi 6 AX201 160MHz,23.120.0.3,Intel(R) Wi-Fi 6 AX201 160MHz - 23.120.0.3,11623,59,0,21,11682,99.5%
Intel(R) Dual Band Wireless-AC 8265,20.70.30.1,Intel(R) Dual Band Wireless-AC 8265 - 20.70.30.1,44942,238,0,64,45180,99.5%
Intel(R) Wireless-AC 9560 160MHz,23.80.0.7,Intel(R) Wireless-AC 9560 160MHz - 23.80.0.7,24673,130,0,52,24803,99.5%
Intel(R) Wi-Fi 6E AX211 160MHz,23.90.0.2,Intel(R) Wi-Fi 6E AX211 160MHz - 23.90.0.2,1690536,10675,0,1849,1701211,99.4%
Intel(R) Wi-Fi 6 AX201 160MHz,22.90.0.5,Intel(R) Wi-Fi 6 AX201 160MHz - 22.90.0.5,4780,29,0,3,4809,99.4%
Intel(R) Dual Band Wireless-AC 7265,19.50.1.6,Intel(R) Dual Band Wireless-AC 7265 - 19.50.1.6,335,2,0,1,337,99.4%
Intel(R) Wi-Fi 6 AX201 160MHz,23.80.0.7,Intel(R) Wi-Fi 6 AX201 160MHz - 23.80.0.7,90856,578,0,215,91434,99.4%
Intel(R) Wi-Fi 6 AX200 160MHz,22.240.0.6,Intel(R) Wi-Fi 6 AX200 160MHz - 22.240.0.6,2926,18,0,8,2944,99.4%
Linux,rtw89_8852be,rtw89_8852be,353,2,0,3,355,99.4%
Realtek 8821CE Wireless LAN 802.11ac PCI-E NIC,2024.10.139.3,Realtek 8821CE Wireless LAN 802.11ac PCI-E NIC - 2024.10.139.3,2022,12,0,3,2034,99.4%
Intel(R) Dual Band Wireless-AC 7265,19.51.40.1,Intel(R) Dual Band Wireless-AC 7265 - 19.51.40.1,1005,7,0,1,1012,99.3%
Intel(R) Dual Band Wireless-AC 7265,19.51.48.1,Intel(R) Dual Band Wireless-AC 7265 - 19.51.48.1,1102,8,0,4,1110,99.3%
Intel(R) Wi-Fi 6 AX201 160MHz,23.90.0.2,Intel(R) Wi-Fi 6 AX201 160MHz - 23.90.0.2,921037,6218,0,1011,927255,99.3%
Intel(R) Wi-Fi 6 AX200 160MHz,23.40.0.4,Intel(R) Wi-Fi 6 AX200 160MHz - 23.40.0.4,3393,24,0,10,3417,99.3%
Intel(R) Wi-Fi 6 AX201 160MHz,23.20.1.1,Intel(R) Wi-Fi 6 AX201 160MHz - 23.20.1.1,60607,477,0,114,61084,99.2%
Realtek 8821CE Wireless LAN 802.11ac PCI-E NIC,2024.10.138.0,Realtek 8821CE Wireless LAN 802.11ac PCI-E NIC - 2024.10.138.0,1440,13,0,3,1453,99.1%
Intel(R) Wi-Fi 6 AX201 160MHz,23.110.0.5,Intel(R) Wi-Fi 6 AX201 160MHz - 23.110.0.5,22283,196,0,53,22479,99.1%
Intel(R) Wi-Fi 6E AX211 160MHz,23.20.1.1,Intel(R) Wi-Fi 6E AX211 160MHz - 23.20.1.1,113787,1126,0,227,114913,99.0%
Intel(R) Wi-Fi 6 AX200 160MHz,22.120.1.9,Intel(R) Wi-Fi 6 AX200 160MHz - 22.120.1.9,22384,231,0,17,22615,99.0%
Intel(R) Wi-Fi 6E AX211 160MHz,22.250.1.2,Intel(R) Wi-Fi 6E AX211 160MHz - 22.250.1.2,519,5,0,3,524,99.0%
Intel(R) Dual Band Wireless-AC 8265,20.70.26.2,Intel(R) Dual Band Wireless-AC 8265 - 20.70.26.2,2063,24,0,7,2087,98.9%
Intel(R) Wi-Fi 6 AX200 160MHz,23.30.0.6,Intel(R) Wi-Fi 6 AX200 160MHz - 23.30.0.6,2261,25,0,4,2286,98.9%
Intel(R) Dual Band Wireless-AC 7260,17.15.0.5,Intel(R) Dual Band Wireless-AC 7260 - 17.15.0.5,12752,159,0,7,12911,98.8%
Intel(R) Dual Band Wireless-AC 8265,20.70.17.1,Intel(R) Dual Band Wireless-AC 8265 - 20.70.17.1,1944,24,0,2,1968,98.8%
Intel(R) Wi-Fi 6 AX201 160MHz,22.110.1.1,Intel(R) Wi-Fi 6 AX201 160MHz - 22.110.1.1,14925,174,0,28,15099,98.8%
Intel(R) Dual Band Wireless-AC 8265,20.70.18.2,Intel(R) Dual Band Wireless-AC 8265 - 20.70.18.2,16842,210,0,19,17052,98.8%
Intel(R) Dual Band Wireless-AC 8260,20.70.32.1,Intel(R) Dual Band Wireless-AC 8260 - 20.70.32.1,7280,94,0,10,7374,98.7%
Intel(R) Wireless-AC 9260 160MHz,23.100.0.4,Intel(R) Wireless-AC 9260 160MHz - 23.100.0.4,1202,16,0,1,1218,98.7%
Intel(R) Wi-Fi 6 AX201 160MHz,22.200.0.6,Intel(R) Wi-Fi 6 AX201 160MHz - 22.200.0.6,2156,35,0,3,2191,98.4%
Intel(R) Wi-Fi 6 AX201 160MHz,22.140.0.3,Intel(R) Wi-Fi 6 AX201 160MHz - 22.140.0.3,1081,18,0,4,1099,98.4%
Intel(R) Dual Band Wireless-AC 8265,20.50.3.3,Intel(R) Dual Band Wireless-AC 8265 - 20.50.3.3,2924,54,0,5,2978,98.2%
Intel(R) Dual Band Wireless-AC 7265,19.51.42.2,Intel(R) Dual Band Wireless-AC 7265 - 19.51.42.2,23213,429,0,29,23642,98.2%
Intel(R) Wi-Fi 6E AX211 160MHz,22.220.0.4,Intel(R) Wi-Fi 6E AX211 160MHz - 22.220.0.4,51,1,0,1,52,98.1%
Realtek RTL8822CE 802.11ac PCIe Adapter,2024.10.229.0,Realtek RTL8822CE 802.11ac PCIe Adapter - 2024.10.229.0,50,1,0,1,51,98.0%
Intel(R) Wireless-AC 9560 160MHz,22.80.0.9,Intel(R) Wireless-AC 9560 160MHz - 22.80.0.9,339,8,0,1,347,97.7%
Intel(R) Wi-Fi 6 AX200 160MHz,22.60.0.6,Intel(R) Wi-Fi 6 AX200 160MHz - 22.60.0.6,2238,60,0,4,2298,97.4%
Intel(R) Wireless-AC 9560 160MHz,22.250.0.4,Intel(R) Wireless-AC 9560 160MHz - 22.250.0.4,32527,952,0,40,33479,97.2%
"Wi-Fi  (0x14E4, 0x4387)",16.0 (1657),"Wi-Fi  (0x14E4, 0x4387) - 16.0 (1657)",1766,53,0,4,1819,97.1%
Intel(R) Wi-Fi 6E AX211 160MHz,23.50.0.6,Intel(R) Wi-Fi 6E AX211 160MHz - 23.50.0.6,16781,538,0,29,17319,96.9%
Realtek RTL8811AU Wireless LAN 802.11ac USB 2.0 Network Adapter,1030.44.822.2023,Realtek RTL8811AU Wireless LAN 802.11ac USB 2.0 Network Adapter - 1030.44.822.2023,30266,963,0,20,31229,96.9%
Intel(R) Wi-Fi 6 AX201 160MHz,22.60.0.6,Intel(R) Wi-Fi 6 AX201 160MHz - 22.60.0.6,61,2,0,1,63,96.8%
Intel(R) Wi-Fi 6 AX200 160MHz,22.170.0.3,Intel(R) Wi-Fi 6 AX200 160MHz - 22.170.0.3,496,17,0,6,513,96.7%
MediaTek MT7921 Wi-Fi 6 802.11ax PCIe Adapter,3.0.1.1297,MediaTek MT7921 Wi-Fi 6 802.11ax PCIe Adapter - 3.0.1.1297,1420,55,0,3,1475,96.3%
Killer(R) Wi-Fi 6 AX1650s 160MHz Wireless Network Adapter (201D2W),23.90.0.2,Killer(R) Wi-Fi 6 AX1650s 160MHz Wireless Network Adapter (201D2W) - 23.90.0.2,13415,575,0,15,13990,95.9%
Intel(R) Wi-Fi 6 AX201 160MHz,22.220.1.1,Intel(R) Wi-Fi 6 AX201 160MHz - 22.220.1.1,2961,174,0,3,3135,94.4%
Qualcomm FastConnect 6900 Wi-Fi 6E Dual Band Simultaneous (DBS) WiFiCx Network Adapter,2.0.0.1193,Qualcomm FastConnect 6900 Wi-Fi 6E Dual Band Simultaneous (DBS) WiFiCx Network Adapter - 2.0.0.1193,6625,480,0,12,7105,93.2%
Intel(R) Wi-Fi 6 AX201 160MHz,22.120.0.3,Intel(R) Wi-Fi 6 AX201 160MHz - 22.120.0.3,2333,179,0,7,2512,92.9%
Intel(R) Wi-Fi 6 AX201 160MHz,23.60.0.10,Intel(R) Wi-Fi 6 AX201 160MHz - 23.60.0.10,8470,707,0,11,9177,92.3%
MediaTek Wi-Fi 6 MT7921 Wireless LAN Card,3.3.3.854,MediaTek Wi-Fi 6 MT7921 Wireless LAN Card - 3.3.3.854,724,71,0,2,795,91.1%
Intel(R) Wi-Fi 6E AX211 160MHz,22.190.0.4,Intel(R) Wi-Fi 6E AX211 160MHz - 22.190.0.4,6547,687,0,13,7234,90.5%
Realtek RTL8852BE WiFi 6 802.11ax PCIe Adapter,6001.15.155.1,Realtek RTL8852BE WiFi 6 802.11ax PCIe Adapter - 6001.15.155.1,14640,1940,0,16,16580,88.3%
Intel(R) Wireless-AC 9560 160MHz,23.40.1.1,Intel(R) Wireless-AC 9560 160MHz - 23.40.1.1,13,5,0,1,18,72.2%
Intel(R) Wireless-AC 9560 160MHz,23.110.0.5,Intel(R) Wireless-AC 9560 160MHz - 23.110.0.5,756,0,0,1,756,100.0%
Intel(R) Dual Band Wireless-AC 8260,20.70.12.5,Intel(R) Dual Band Wireless-AC 8260 - 20.70.12.5,1438,0,0,1,1438,100.0%
Intel(R) Wireless-AC 9560 160MHz,22.140.0.3,Intel(R) Wireless-AC 9560 160MHz - 22.140.0.3,1432,0,0,1,1432,100.0%
Intel(R) Wireless-AC 9560 160MHz,22.130.0.5,Intel(R) Wireless-AC 9560 160MHz - 22.130.0.5,43,0,0,1,43,100.0%
Intel(R) Dual Band Wireless-AC 8260,20.70.21.2,Intel(R) Dual Band Wireless-AC 8260 - 20.70.21.2,168,0,0,1,168,100.0%
Intel(R) Wireless-AC 9560 160MHz,22.10.0.7,Intel(R) Wireless-AC 9560 160MHz - 22.10.0.7,10514,0,0,9,10514,100.0%
Intel(R) Dual Band Wireless-AC 8260,20.70.24.1,Intel(R) Dual Band Wireless-AC 8260 - 20.70.24.1,1435,0,0,1,1435,100.0%
Intel(R) Wireless-AC 9560 160MHz,22.150.1.1,Intel(R) Wireless-AC 9560 160MHz - 22.150.1.1,1588,0,0,2,1588,100.0%
Intel(R) Wireless-AC 9560 160MHz,21.90.1.2,Intel(R) Wireless-AC 9560 160MHz - 21.90.1.2,22342,0,0,17,22342,100.0%
Intel(R) Wireless-AC 9560 160MHz,21.80.2.1,Intel(R) Wireless-AC 9560 160MHz - 21.80.2.1,1125,0,0,2,1125,100.0%
Intel(R) Wireless-AC 9560 160MHz,21.70.0.6,Intel(R) Wireless-AC 9560 160MHz - 21.70.0.6,2,0,0,1,2,100.0%
Intel(R) Wireless-AC 9560 160MHz,21.50.1.1,Intel(R) Wireless-AC 9560 160MHz - 21.50.1.1,2741,0,0,4,2741,100.0%
Intel(R) Wireless-AC 9560 160MHz,21.40.2.2,Intel(R) Wireless-AC 9560 160MHz - 21.40.2.2,7625,0,0,6,7625,100.0%
Intel(R) Wireless-AC 9560 160MHz,22.150.0.3,Intel(R) Wireless-AC 9560 160MHz - 22.150.0.3,50,0,0,1,50,100.0%
Intel(R) Wireless-AC 9560 160MHz,22.160.0.3,Intel(R) Wireless-AC 9560 160MHz - 22.160.0.3,4,0,0,1,4,100.0%
Intel(R) Wireless-AC 9560 160MHz,22.80.1.1,Intel(R) Wireless-AC 9560 160MHz - 22.80.1.1,2877,0,0,2,2877,100.0%
Intel(R) Wireless-AC 9560 160MHz,22.160.0.4,Intel(R) Wireless-AC 9560 160MHz - 22.160.0.4,2624,0,0,4,2624,100.0%
Intel(R) Wireless-AC 9560 160MHz,22.170.0.3,Intel(R) Wireless-AC 9560 160MHz - 22.170.0.3,1892,0,0,5,1892,100.0%
Intel(R) Wireless-AC 9560 160MHz,22.200.2.1,Intel(R) Wireless-AC 9560 160MHz - 22.200.2.1,1558,0,0,4,1558,100.0%
Intel(R) Wireless-AC 9560 160MHz,23.50.0.6,Intel(R) Wireless-AC 9560 160MHz - 23.50.0.6,603,0,0,1,603,100.0%
Intel(R) Wireless-AC 9560 160MHz,22.230.0.8,Intel(R) Wireless-AC 9560 160MHz - 22.230.0.8,4636,0,0,6,4636,100.0%
Intel(R) Wireless-AC 9560 160MHz,22.240.0.6,Intel(R) Wireless-AC 9560 160MHz - 22.240.0.6,48,0,0,1,48,100.0%
Intel(R) Wireless-AC 9560 160MHz,23.40.0.4,Intel(R) Wireless-AC 9560 160MHz - 23.40.0.4,410,0,0,2,410,100.0%
Intel(R) Wireless-AC 9560 160MHz,22.250.1.2,Intel(R) Wireless-AC 9560 160MHz - 22.250.1.2,20310,0,0,26,20310,100.0%
Intel(R) Wireless-AC 9560 160MHz,23.30.0.6,Intel(R) Wireless-AC 9560 160MHz - 23.30.0.6,7126,1,0,14,7127,100.0%
Intel(R) Wireless-AC 9560 160MHz,22.250.10.1,Intel(R) Wireless-AC 9560 160MHz - 22.250.10.1,1437,0,0,1,1437,100.0%
Intel(R) Wireless-AC 9560 160MHz,23.20.1.1,Intel(R) Wireless-AC 9560 160MHz - 23.20.1.1,3537,0,0,6,3537,100.0%
Intel(R) Wireless-AC 9560 160MHz,22.50.0.7,Intel(R) Wireless-AC 9560 160MHz - 22.50.0.7,35415,12,0,25,35427,100.0%
Intel(R) Dual Band Wireless-AC 8260,20.70.16.4,Intel(R) Dual Band Wireless-AC 8260 - 20.70.16.4,328,0,0,1,328,100.0%
Intel(R) Dual Band Wireless-AC 8260,20.70.18.2,Intel(R) Dual Band Wireless-AC 8260 - 20.70.18.2,449,0,0,1,449,100.0%
Intel(R) Wi-Fi 6 AX200 160MHz,21.60.0.5,Intel(R) Wi-Fi 6 AX200 160MHz - 21.60.0.5,4752,2,0,14,4754,100.0%
Intel(R) Wireless-AC 9560 160MHz,23.70.2.3,Intel(R) Wireless-AC 9560 160MHz - 23.70.2.3,52,0,0,1,52,100.0%
Killer(R) Wi-Fi 6 AX1650s 160MHz Wireless Network Adapter (201D2W),22.250.0.4,Killer(R) Wi-Fi 6 AX1650s 160MHz Wireless Network Adapter (201D2W) - 22.250.0.4,1440,0,0,1,1440,100.0%
Killer Wireless-n/a/ac 1535 Wireless Network Adapter,12.0.0.1118,Killer Wireless-n/a/ac 1535 Wireless Network Adapter - 12.0.0.1118,55,0,0,1,55,100.0%
Qualcomm FastConnect 6900 Wi-Fi 6E Dual Band Simultaneous (DBS) WDI Network Adapter,1.0.0.1671,Qualcomm FastConnect 6900 Wi-Fi 6E Dual Band Simultaneous (DBS) WDI Network Adapter - 1.0.0.1671,130,0,0,1,130,100.0%
Qualcomm FastConnect 6900 Wi-Fi 6E Dual Band Simultaneous (DBS) WDI Network Adapter,1.0.0.1694,Qualcomm FastConnect 6900 Wi-Fi 6E Dual Band Simultaneous (DBS) WDI Network Adapter - 1.0.0.1694,1438,0,0,1,1438,100.0%
Qualcomm FastConnect 6900 Wi-Fi 6E Dual Band Simultaneous (DBS) WiFiCx Network Adapter,2.0.0.1152,Qualcomm FastConnect 6900 Wi-Fi 6E Dual Band Simultaneous (DBS) WiFiCx Network Adapter - 2.0.0.1152,92,0,0,1,92,100.0%
Intel,23.40.1.1,23.40.1.1,1256,0,0,1,1256,100.0%
Qualcomm FastConnect 6900 Wi-Fi 6E Dual Band Simultaneous (DBS) WiFiCx Network Adapter,2.0.0.1277,Qualcomm FastConnect 6900 Wi-Fi 6E Dual Band Simultaneous (DBS) WiFiCx Network Adapter - 2.0.0.1277,3133,0,0,6,3133,100.0%
Qualcomm FastConnect 7800 Wi-Fi 7 Dual Band Simultaneous (DBS) Network Adapter,1.0.4166.1200,Qualcomm FastConnect 7800 Wi-Fi 7 Dual Band Simultaneous (DBS) Network Adapter - 1.0.4166.1200,51,0,0,1,51,100.0%
Qualcomm QCA61x4A 802.11ac Wireless Adapter,12.0.0.1118,Qualcomm QCA61x4A 802.11ac Wireless Adapter - 12.0.0.1118,4181,1,0,3,4182,100.0%
Edimax AC1750 Wi-Fi USB Adapter,1030.44.1014.2024,Edimax AC1750 Wi-Fi USB Adapter - 1030.44.1014.2024,1436,0,0,1,1436,100.0%
Realtek 8811CU Wireless LAN 802.11ac USB NIC,1030.44.1014.2024,Realtek 8811CU Wireless LAN 802.11ac USB NIC - 1030.44.1014.2024,1345,0,0,1,1345,100.0%
Realtek 8822CE Wireless LAN 802.11ac PCI-E NIC,2024.0.8.140,Realtek 8822CE Wireless LAN 802.11ac PCI-E NIC - 2024.0.8.140,1023,0,0,1,1023,100.0%
Realtek 8822CE Wireless LAN 802.11ac PCI-E NIC,2024.10.139.3,Realtek 8822CE Wireless LAN 802.11ac PCI-E NIC - 2024.10.139.3,392,0,0,1,392,100.0%
Realtek RTL8821CE 802.11ac PCIe Adapter,2024.0.10.209,Realtek RTL8821CE 802.11ac PCIe Adapter - 2024.0.10.209,45,0,0,1,45,100.0%
Realtek RTL8822BE 802.11ac PCIe Adapter,2024.0.10.209,Realtek RTL8822BE 802.11ac PCIe Adapter - 2024.0.10.209,152,0,0,1,152,100.0%
Realtek RTL8822CE 802.11ac PCIe Adapter,2024.10.227.0,Realtek RTL8822CE 802.11ac PCIe Adapter - 2024.10.227.0,667,0,0,1,667,100.0%
Realtek RTL8852AE WiFi 6 802.11ax PCIe Adapter,6001.10.353.0,Realtek RTL8852AE WiFi 6 802.11ax PCIe Adapter - 6001.10.353.0,1389,0,0,3,1389,100.0%
Intel,22.250.1.2,22.250.1.2,332,0,0,1,332,100.0%
Intel,20.70.30.1,20.70.30.1,77,0,0,1,77,100.0%
TP-Link Wireless USB Adapter,1030.44.1014.2024,TP-Link Wireless USB Adapter - 1030.44.1014.2024,1439,0,0,1,1439,100.0%
Killer Wi-Fi 6 AX500-DBS Wireless Network Adapter,1.0.0.1769,Killer Wi-Fi 6 AX500-DBS Wireless Network Adapter - 1.0.0.1769,51,0,0,1,51,100.0%
NETGEAR A6100 WiFi Adapter,1030.25.701.2017,NETGEAR A6100 WiFi Adapter - 1030.25.701.2017,10912,0,0,8,10912,100.0%
TP-Link Wireless MU-MIMO USB Adapter,1030.38.712.2019,TP-Link Wireless MU-MIMO USB Adapter - 1030.38.712.2019,1436,0,0,1,1436,100.0%
MediaTek Wi-Fi 6E MT7922 (RZ616) 160MHz PCIe Adapter,3.3.0.1030,MediaTek Wi-Fi 6E MT7922 (RZ616) 160MHz PCIe Adapter - 3.3.0.1030,311,0,0,1,311,100.0%
Killer(R) Wi-Fi 6 AX1650s 160MHz Wireless Network Adapter (201D2W),23.60.1.2,Killer(R) Wi-Fi 6 AX1650s 160MHz Wireless Network Adapter (201D2W) - 23.60.1.2,519,0,0,1,519,100.0%
Intel Corporation Wi-Fi 5(802.11ac) Wireless-AC 9x6x [Thunder Peak] [8086:2526] (rev 29),iwlwifi,Intel Corporation Wi-Fi 5(802.11ac) Wireless-AC 9x6x [Thunder Peak] [8086:2526] (rev 29) - iwlwifi,1192,0,0,1,1192,100.0%
Intel Corporation Wireless-AC 9260 [8086:2526] (rev 29),iwlwifi,Intel Corporation Wireless-AC 9260 [8086:2526] (rev 29) - iwlwifi,1174,0,0,1,1174,100.0%
MediaTek MT7921 Wi-Fi 6 802.11ax PCIe Adapter,3.0.1.1216,MediaTek MT7921 Wi-Fi 6 802.11ax PCIe Adapter - 3.0.1.1216,414,0,0,1,414,100.0%
MediaTek MT7921 Wi-Fi 6 802.11ax PCIe Adapter,3.0.1.1255,MediaTek MT7921 Wi-Fi 6 802.11ax PCIe Adapter - 3.0.1.1255,45,0,0,2,45,100.0%
Intel(R) Dual Band Wireless-AC 7265,19.51.29.1,Intel(R) Dual Band Wireless-AC 7265 - 19.51.29.1,1263,0,0,1,1263,100.0%
MediaTek MT7921 Wi-Fi 6 802.11ax PCIe Adapter,3.0.1.1327,MediaTek MT7921 Wi-Fi 6 802.11ax PCIe Adapter - 3.0.1.1327,452,0,0,4,452,100.0%
MediaTek MT7921 Wi-Fi 6 802.11ax PCIe Adapter,3.3.0.426,MediaTek MT7921 Wi-Fi 6 802.11ax PCIe Adapter - 3.3.0.426,9,0,0,1,9,100.0%
MediaTek Wi-Fi 6E MT7922 (RZ616) 160MHz PCIe Adapter,3.4.0.1088,MediaTek Wi-Fi 6E MT7922 (RZ616) 160MHz PCIe Adapter - 3.4.0.1088,882,0,0,3,882,100.0%
Realtek RTL8811AU Wireless LAN 802.11ac USB 2.0 Network Adapter,1030.38.712.2019,Realtek RTL8811AU Wireless LAN 802.11ac USB 2.0 Network Adapter - 1030.38.712.2019,3155,0,0,2,3155,100.0%
Intel(R) Wireless-AC 9560 160MHz,21.30.3.2,Intel(R) Wireless-AC 9560 160MHz - 21.30.3.2,30681,0,0,26,30681,100.0%
NETGEAR A8000 WiFi 6 & 6E Adapter,1.0.0.108,NETGEAR A8000 WiFi 6 & 6E Adapter - 1.0.0.108,1402,0,0,1,1402,100.0%
802.11n Wireless PCI Express Card LAN Adapter,5.0.57.1,802.11n Wireless PCI Express Card LAN Adapter - 5.0.57.1,1439,0,0,1,1439,100.0%
Intel(R) Dual Band Wireless-AC 7265,19.51.8.3,Intel(R) Dual Band Wireless-AC 7265 - 19.51.8.3,229,0,0,1,229,100.0%
Intel(R) Dual Band Wireless-AC 8265,20.50.0.5,Intel(R) Dual Band Wireless-AC 8265 - 20.50.0.5,2017,0,0,3,2017,100.0%
Intel(R) Wi-Fi 6 AX200 160MHz,21.10.2.2,Intel(R) Wi-Fi 6 AX200 160MHz - 21.10.2.2,756,0,0,1,756,100.0%
Intel,23.80.0.7,23.80.0.7,324,0,0,2,324,100.0%
Intel(R) Wireless-AC 9560 160MHz,21.80.2.3,Intel(R) Wireless-AC 9560 160MHz - 21.80.2.3,457,0,0,1,457,100.0%
Intel(R) Dual Band Wireless-AC 8260,20.70.25.2,Intel(R) Dual Band Wireless-AC 8260 - 20.70.25.2,3005,0,0,3,3005,100.0%
Intel(R) Wireless-AC 9260 160MHz,21.110.1.1,Intel(R) Wireless-AC 9260 160MHz - 21.110.1.1,1424,0,0,1,1424,100.0%
Intel(R) Wireless-AC 9560 160MHz,21.20.1.1,Intel(R) Wireless-AC 9560 160MHz - 21.20.1.1,421,0,0,1,421,100.0%
Intel(R) Wi-Fi 6 AX201 160MHz,22.220.0.4,Intel(R) Wi-Fi 6 AX201 160MHz - 22.220.0.4,8531,0,0,7,8531,100.0%
Intel(R) Dual Band Wireless-AC 8265,22.130.0.5,Intel(R) Dual Band Wireless-AC 8265 - 22.130.0.5,8273,1,0,6,8274,100.0%
Intel(R) Dual Band Wireless-AC 8265,20.70.9.1,Intel(R) Dual Band Wireless-AC 8265 - 20.70.9.1,1438,0,0,1,1438,100.0%
Intel(R) Wi-Fi 6 AX201 160MHz,22.150.1.1,Intel(R) Wi-Fi 6 AX201 160MHz - 22.150.1.1,1238,0,0,1,1238,100.0%
Intel(R) Dual Band Wireless-AC 8265,20.70.8.1,Intel(R) Dual Band Wireless-AC 8265 - 20.70.8.1,2031,0,0,4,2031,100.0%
Intel(R) Wi-Fi 6 AX201 160MHz,22.160.0.4,Intel(R) Wi-Fi 6 AX201 160MHz - 22.160.0.4,1436,0,0,1,1436,100.0%
Intel(R) Wi-Fi 6 AX201 160MHz,22.160.3.2,Intel(R) Wi-Fi 6 AX201 160MHz - 22.160.3.2,27,0,0,1,27,100.0%
Intel(R) Dual Band Wireless-AC 8265,20.70.5.2,Intel(R) Dual Band Wireless-AC 8265 - 20.70.5.2,4744,0,0,3,4744,100.0%
Intel(R) Wi-Fi 6 AX201 160MHz,22.170.2.1,Intel(R) Wi-Fi 6 AX201 160MHz - 22.170.2.1,4775,2,0,7,4777,100.0%
Intel(R) Wi-Fi 6 AX201 160MHz,22.180.0.4,Intel(R) Wi-Fi 6 AX201 160MHz - 22.180.0.4,2212,0,0,4,2212,100.0%
Intel(R) Wi-Fi 6 AX201 160MHz,22.20.0.6,Intel(R) Wi-Fi 6 AX201 160MHz - 22.20.0.6,1722,0,0,4,1722,100.0%
Intel(R) Wi-Fi 6 AX201 160MHz,22.250.0.4,Intel(R) Wi-Fi 6 AX201 160MHz - 22.250.0.4,3775,0,0,5,3775,100.0%
Intel(R) Wireless-AC 9560 160MHz,21.120.0.9,Intel(R) Wireless-AC 9560 160MHz - 21.120.0.9,2032,0,0,2,2032,100.0%
Intel(R) Wi-Fi 6 AX201 160MHz,22.50.1.1,Intel(R) Wi-Fi 6 AX201 160MHz - 22.50.1.1,1135,0,0,1,1135,100.0%
Intel(R) Wi-Fi 6 AX201 160MHz,22.60.1.2,Intel(R) Wi-Fi 6 AX201 160MHz - 22.60.1.2,2794,1,0,3,2795,100.0%
Intel(R) Wi-Fi 6 AX201 160MHz,22.70.0.6,Intel(R) Wi-Fi 6 AX201 160MHz - 22.70.0.6,3283,0,0,9,3283,100.0%
Intel(R) Wi-Fi 6 AX201 160MHz,22.80.0.9,Intel(R) Wi-Fi 6 AX201 160MHz - 22.80.0.9,1054,0,0,1,1054,100.0%
Intel(R) Wi-Fi 6 AX201 160MHz,22.80.1.1,Intel(R) Wi-Fi 6 AX201 160MHz - 22.80.1.1,81642,0,0,72,81642,100.0%
Intel(R) Wi-Fi 6 AX201 160MHz,23.10.0.8,Intel(R) Wi-Fi 6 AX201 160MHz - 23.10.0.8,2377,1,0,3,2378,100.0%
Intel(R) Dual Band Wireless-AC 8265,20.70.3.3,Intel(R) Dual Band Wireless-AC 8265 - 20.70.3.3,183,0,0,1,183,100.0%
Intel(R) Wi-Fi 6 AX201 160MHz,23.70.2.3,Intel(R) Wi-Fi 6 AX201 160MHz - 23.70.2.3,219,0,0,2,219,100.0%
Intel(R) Wi-Fi 6 AX201 160MHz,23.80.1.3,Intel(R) Wi-Fi 6 AX201 160MHz - 23.80.1.3,4968,2,0,5,4970,100.0%
Intel(R) Wi-Fi 6 AX201 160MHz #2,23.80.0.7,Intel(R) Wi-Fi 6 AX201 160MHz #2 - 23.80.0.7,7,0,0,1,7,100.0%
Intel(R) Wi-Fi 6 AX201 160MHz,22.10.0.7,Intel(R) Wi-Fi 6 AX201 160MHz - 22.10.0.7,18485,0,0,21,18485,100.0%
Intel(R) Wi-Fi 6 AX201 160MHz,22.0.1.1,Intel(R) Wi-Fi 6 AX201 160MHz - 22.0.1.1,26384,3,0,43,26387,100.0%
Intel(R) Wi-Fi 6 AX201 160MHz,22.0.0.6,Intel(R) Wi-Fi 6 AX201 160MHz - 22.0.0.6,67662,0,0,59,67662,100.0%
Intel(R) Wi-Fi 6 AX201 160MHz,21.90.2.1,Intel(R) Wi-Fi 6 AX201 160MHz - 21.90.2.1,24600,0,0,23,24600,100.0%
Intel(R) Wi-Fi 6 AX200 160MHz,22.0.1.1,Intel(R) Wi-Fi 6 AX200 160MHz - 22.0.1.1,575,0,0,1,575,100.0%
Intel(R) Wi-Fi 6 AX200 160MHz,22.10.0.7,Intel(R) Wi-Fi 6 AX200 160MHz - 22.10.0.7,1854,0,0,3,1854,100.0%
Intel(R) Wi-Fi 6 AX200 160MHz,22.110.1.1,Intel(R) Wi-Fi 6 AX200 160MHz - 22.110.1.1,1431,0,0,4,1431,100.0%
Intel(R) Wi-Fi 6 AX200 160MHz,22.140.0.3,Intel(R) Wi-Fi 6 AX200 160MHz - 22.140.0.3,4517,0,0,8,4517,100.0%
Intel(R) Wi-Fi 6 AX200 160MHz,22.160.0.4,Intel(R) Wi-Fi 6 AX200 160MHz - 22.160.0.4,1575,0,0,1,1575,100.0%
Intel(R) Wi-Fi 6 AX200 160MHz,22.190.0.4,Intel(R) Wi-Fi 6 AX200 160MHz - 22.190.0.4,6081,1,0,4,6082,100.0%
Intel(R) Wi-Fi 6 AX200 160MHz,22.220.0.4,Intel(R) Wi-Fi 6 AX200 160MHz - 22.220.0.4,1209,0,0,1,1209,100.0%
Intel(R) Wi-Fi 6 AX200 160MHz,22.230.0.8,Intel(R) Wi-Fi 6 AX200 160MHz - 22.230.0.8,4507,0,0,6,4507,100.0%
Intel(R) Wi-Fi 6 AX200 160MHz,22.30.0.11,Intel(R) Wi-Fi 6 AX200 160MHz - 22.30.0.11,43,0,0,1,43,100.0%
Intel(R) Wi-Fi 6 AX200 160MHz,22.40.0.7,Intel(R) Wi-Fi 6 AX200 160MHz - 22.40.0.7,640,0,0,3,640,100.0%
Intel(R) Wi-Fi 6 AX200 160MHz,21.40.2.2,Intel(R) Wi-Fi 6 AX200 160MHz - 21.40.2.2,2739,0,0,6,2739,100.0%
Intel(R) Wi-Fi 6 AX200 160MHz,23.110.0.5,Intel(R) Wi-Fi 6 AX200 160MHz - 23.110.0.5,673,0,0,1,673,100.0%
Intel(R) Wi-Fi 6 AX200 160MHz,23.120.0.3,Intel(R) Wi-Fi 6 AX200 160MHz - 23.120.0.3,2,0,0,2,2,100.0%
Intel(R) Wi-Fi 6 AX200 160MHz,23.20.1.1,Intel(R) Wi-Fi 6 AX200 160MHz - 23.20.1.1,33,0,0,1,33,100.0%
Intel(R) Wi-Fi 6 AX200 160MHz,21.110.1.1,Intel(R) Wi-Fi 6 AX200 160MHz - 21.110.1.1,13548,2,0,32,13550,100.0%
Intel(R) Wi-Fi 6 AX200 160MHz,23.80.1.3,Intel(R) Wi-Fi 6 AX200 160MHz - 23.80.1.3,2987,0,0,4,2987,100.0%
Intel(R) Wi-Fi 6 AX200 160MHz,23.90.0.2,Intel(R) Wi-Fi 6 AX200 160MHz - 23.90.0.2,1642,0,0,2,1642,100.0%
Intel(R) Wi-Fi 6 AX201 160MHz,21.110.1.1,Intel(R) Wi-Fi 6 AX201 160MHz - 21.110.1.1,5106,0,0,7,5106,100.0%
Intel(R) Wi-Fi 6 AX201 160MHz,21.110.3.2,Intel(R) Wi-Fi 6 AX201 160MHz - 21.110.3.2,3187,0,0,6,3187,100.0%
Intel(R) Wi-Fi 6 AX201 160MHz,21.70.0.6,Intel(R) Wi-Fi 6 AX201 160MHz - 21.70.0.6,350,0,0,1,350,100.0%
Intel(R) Dual Band Wireless-AC 8265,22.30.0.11,Intel(R) Dual Band Wireless-AC 8265 - 22.30.0.11,2184,0,0,2,2184,100.0%
Intel(R) Wi-Fi 6E AX210 160MHz,22.130.0.5,Intel(R) Wi-Fi 6E AX210 160MHz - 22.130.0.5,1020,0,0,1,1020,100.0%
Intel(R) Wi-Fi 6E AX210 160MHz,22.200.2.1,Intel(R) Wi-Fi 6E AX210 160MHz - 22.200.2.1,24,0,0,1,24,100.0%
Intel(R) Wi-Fi 6E AX210 160MHz,22.250.1.2,Intel(R) Wi-Fi 6E AX210 160MHz - 22.250.1.2,46,0,0,1,46,100.0%
Intel(R) Wi-Fi 6 AX200 160MHz,21.80.2.1,Intel(R) Wi-Fi 6 AX200 160MHz - 21.80.2.1,315,0,0,1,315,100.0%
Intel(R) Wireless-AC 9260 160MHz,22.120.0.3,Intel(R) Wireless-AC 9260 160MHz - 22.120.0.3,2875,1,0,2,2876,100.0%
Intel(R) Wireless-AC 9260 160MHz,22.140.0.3,Intel(R) Wireless-AC 9260 160MHz - 22.140.0.3,2,0,0,1,2,100.0%
Intel(R) Wireless-AC 9260 160MHz,22.160.0.4,Intel(R) Wireless-AC 9260 160MHz - 22.160.0.4,1439,0,0,1,1439,100.0%
Intel(R) Wireless-AC 9260 160MHz,22.180.0.4,Intel(R) Wireless-AC 9260 160MHz - 22.180.0.4,885,0,0,3,885,100.0%
Intel(R) Dual Band Wireless-AC 8265,20.70.11.3,Intel(R) Dual Band Wireless-AC 8265 - 20.70.11.3,9794,0,0,17,9794,100.0%
Intel(R) Dual Band Wireless-AC 8265,20.70.10.2,Intel(R) Dual Band Wireless-AC 8265 - 20.70.10.2,819,0,0,1,819,100.0%
Intel(R) Wireless-AC 9260 160MHz,22.40.0.7,Intel(R) Wireless-AC 9260 160MHz - 22.40.0.7,1342,0,0,2,1342,100.0%
Intel(R) Wireless-AC 9260 160MHz,23.110.0.5,Intel(R) Wireless-AC 9260 160MHz - 23.110.0.5,93,0,0,1,93,100.0%
Intel(R) Wireless-AC 9260 160MHz,23.120.0.3,Intel(R) Wireless-AC 9260 160MHz - 23.120.0.3,2293,0,0,4,2293,100.0%
Intel(R) Dual Band Wireless-AC 8260,20.70.30.1,Intel(R) Dual Band Wireless-AC 8260 - 20.70.30.1,24833,5,0,24,24838,100.0%
Intel(R) Wireless-AC 9260 160MHz,23.60.1.2,Intel(R) Wireless-AC 9260 160MHz - 23.60.1.2,1434,0,0,1,1434,100.0%
Intel(R) Wireless-AC 9260 160MHz,23.80.0.7,Intel(R) Wireless-AC 9260 160MHz - 23.80.0.7,1007,0,0,1,1007,100.0%
Intel(R) Wireless-AC 9560,20.40.0.4,Intel(R) Wireless-AC 9560 - 20.40.0.4,2038,0,0,2,2038,100.0%
Intel(R) Wireless-AC 9560,20.90.0.7,Intel(R) Wireless-AC 9560 - 20.90.0.7,3743,0,0,3,3743,100.0%
Intel(R) Wireless-AC 9560 160MHz,20.100.0.4,Intel(R) Wireless-AC 9560 160MHz - 20.100.0.4,1516,0,0,2,1516,100.0%
Intel(R) Wireless-AC 9560 160MHz,21.0.0.5,Intel(R) Wireless-AC 9560 160MHz - 21.0.0.5,1437,0,0,1,1437,100.0%
Intel(R) Wireless-AC 9560 160MHz,21.0.1.1,Intel(R) Wireless-AC 9560 160MHz - 21.0.1.1,7648,0,0,6,7648,100.0%
Intel(R) Wireless-AC 9560 160MHz,21.10.1.2,Intel(R) Wireless-AC 9560 160MHz - 21.10.1.2,28363,0,0,23,28363,100.0%
Intel(R) Wireless-AC 9560 160MHz,21.110.1.1,Intel(R) Wireless-AC 9560 160MHz - 21.110.1.1,19799,0,0,16,19799,100.0%
Intel(R) Wireless-AC 9560 160MHz,21.110.2.1,Intel(R) Wireless-AC 9560 160MHz - 21.110.2.1,51,0,0,1,51,100.0%
Intel(R) Wireless-AC 9560 160MHz,21.110.3.2,Intel(R) Wireless-AC 9560 160MHz - 21.110.3.2,6701,0,0,5,6701,100.0%
Intel(R) Wireless-AC 9260 160MHz,21.50.1.1,Intel(R) Wireless-AC 9260 160MHz - 21.50.1.1,3009,0,0,3,3009,100.0%
Intel(R) Wireless-AC 9260 160MHz,20.120.0.100,Intel(R) Wireless-AC 9260 160MHz - 20.120.0.100,49,0,0,1,49,100.0%
Intel(R) Wi-Fi 6E AX210 160MHz,22.80.0.9,Intel(R) Wi-Fi 6E AX210 160MHz - 22.80.0.9,20,0,0,1,20,100.0%
Intel(R) Wireless-AC 9260,20.70.0.100,Intel(R) Wireless-AC 9260 - 20.70.0.100,1027,0,0,1,1027,100.0%
Intel(R) Wi-Fi 6E AX210 160MHz,23.110.0.5,Intel(R) Wi-Fi 6E AX210 160MHz - 23.110.0.5,102,0,0,3,102,100.0%
Intel(R) Wi-Fi 6E AX210 160MHz,23.20.1.1,Intel(R) Wi-Fi 6E AX210 160MHz - 23.20.1.1,642,0,0,2,642,100.0%
Intel(R) Wi-Fi 6E AX210 160MHz,23.40.0.4,Intel(R) Wi-Fi 6E AX210 160MHz - 23.40.0.4,383,0,0,1,383,100.0%
Intel(R) Wi-Fi 6E AX210 160MHz,23.60.1.2,Intel(R) Wi-Fi 6E AX210 160MHz - 23.60.1.2,1739,0,0,4,1739,100.0%
Intel(R) Wi-Fi 6E AX210 160MHz,23.90.0.2,Intel(R) Wi-Fi 6E AX210 160MHz - 23.90.0.2,13468,1,0,13,13469,100.0%
Intel(R) Wi-Fi 6E AX210 160MHz,23.90.1.3,Intel(R) Wi-Fi 6E AX210 160MHz - 23.90.1.3,661,0,0,1,661,100.0%
Intel(R) Wi-Fi 6E AX211 160MHz,22.110.1.1,Intel(R) Wi-Fi 6E AX211 160MHz - 22.110.1.1,498,0,0,2,498,100.0%
Intel(R) Wi-Fi 6E AX211 160MHz,22.130.0.5,Intel(R) Wi-Fi 6E AX211 160MHz - 22.130.0.5,8544,2,0,17,8546,100.0%
Intel(R) Wi-Fi 6E AX211 160MHz,22.170.2.1,Intel(R) Wi-Fi 6E AX211 160MHz - 22.170.2.1,7574,1,0,12,7575,100.0%
Wi-Fi,16.0 (1657),Wi-Fi - 16.0 (1657),186,0,0,3,186,100.0%
Intel(R) Wi-Fi 6E AX211 160MHz,23.10.0.8,Intel(R) Wi-Fi 6E AX211 160MHz - 23.10.0.8,7288,0,0,7,7288,100.0%
Intel(R) Wi-Fi 6E AX211 160MHz,23.100.0.4,Intel(R) Wi-Fi 6E AX211 160MHz - 23.100.0.4,3281,0,0,4,3281,100.0%
Intel(R) Wi-Fi 6E AX211 160MHz,23.20.0.4,Intel(R) Wi-Fi 6E AX211 160MHz - 23.20.0.4,51,0,0,1,51,100.0%
Intel(R) Wi-Fi 6E AX211 160MHz,23.40.1.1,Intel(R) Wi-Fi 6E AX211 160MHz - 23.40.1.1,1336,0,0,3,1336,100.0%
Intel(R) Wi-Fi 6E AX211 160MHz,23.70.0.6,Intel(R) Wi-Fi 6E AX211 160MHz - 23.70.0.6,1545,0,0,3,1545,100.0%
Intel(R) Wi-Fi 6E AX211 160MHz,23.70.2.3,Intel(R) Wi-Fi 6E AX211 160MHz - 23.70.2.3,1437,0,0,2,1437,100.0%
Intel(R) Dual Band Wireless-AC 8265,20.70.12.5,Intel(R) Dual Band Wireless-AC 8265 - 20.70.12.5,2299,0,0,2,2299,100.0%
Intel(R) Wi-Fi 6E AX211 160MHz,23.80.1.3,Intel(R) Wi-Fi 6E AX211 160MHz - 23.80.1.3,4964,0,0,2,4964,100.0%
Intel(R) Wi-Fi 6E AX211 160MHz,23.90.1.3,Intel(R) Wi-Fi 6E AX211 160MHz - 23.90.1.3,228,0,0,3,228,100.0%
Intel(R) Wi-Fi 7 BE200 320MHz,23.60.1.2,Intel(R) Wi-Fi 7 BE200 320MHz - 23.60.1.2,93,0,0,1,93,100.0%
Intel(R) Wi-Fi 7 BE200 320MHz,23.90.0.2,Intel(R) Wi-Fi 7 BE200 320MHz - 23.90.0.2,1916,0,0,4,1916,100.0%
Dell Wireless 1550 802.11ac,6.30.223.259,Dell Wireless 1550 802.11ac - 6.30.223.259,1440,0,0,1,1440,100.0%
