Adapter,Driver,Adapter-Driver,Good Sum,Critical Sum,Warning Sum,Client Count,Total Sum,Good Roaming Calculation (%)
Intel(R) Wi-Fi 6 AX200 160MHz,21.120.0.9,Intel(R) Wi-Fi 6 AX200 160MHz - 21.120.0.9,4935,6,0,14,4941,99.9%
Intel(R) Wi-Fi 6 AX201 160MHz,23.30.0.6,Intel(R) Wi-Fi 6 AX201 160MHz - 23.30.0.6,24044,13,0,44,24057,99.9%
Intel(R) Dual Band Wireless-AC 8265,20.70.30.1,Intel(R) Dual Band Wireless-AC 8265 - 20.70.30.1,22345,17,0,34,22362,99.9%
Intel(R) Dual Band Wireless-AC 8265,20.70.32.1,Intel(R) Dual Band Wireless-AC 8265 - 20.70.32.1,12248,12,0,9,12260,99.9%
Intel(R) Wi-Fi 6 AX201 160MHz,22.60.1.2,Intel(R) Wi-Fi 6 AX201 160MHz - 22.60.1.2,1435,1,0,1,1436,99.9%
Intel(R) Dual Band Wireless-AC 7265,19.51.15.3,Intel(R) Dual Band Wireless-AC 7265 - 19.51.15.3,10492,7,0,7,10499,99.9%
Intel(R) Wi-Fi 6 AX201 160MHz,22.250.10.1,Intel(R) Wi-Fi 6 AX201 160MHz - 22.250.10.1,5657,7,0,3,5664,99.9%
Intel(R) Wi-Fi 6 AX200 160MHz,22.190.0.4,Intel(R) Wi-Fi 6 AX200 160MHz - 22.190.0.4,6284,7,0,4,6291,99.9%
Intel(R) Wi-Fi 6 AX201 160MHz,22.20.0.6,Intel(R) Wi-Fi 6 AX201 160MHz - 22.20.0.6,11465,14,0,8,11479,99.9%
Intel(R) Wi-Fi 6 AX200 160MHz,22.40.0.7,Intel(R) Wi-Fi 6 AX200 160MHz - 22.40.0.7,9052,6,0,10,9058,99.9%
Intel(R) Wi-Fi 6 AX201 160MHz,22.180.0.4,Intel(R) Wi-Fi 6 AX201 160MHz - 22.180.0.4,2871,4,0,2,2875,99.9%
Intel(R) Wireless-AC 9560 160MHz,23.30.0.6,Intel(R) Wireless-AC 9560 160MHz - 23.30.0.6,8179,6,0,12,8185,99.9%
Intel(R) Wireless-AC 9560 160MHz,23.40.0.4,Intel(R) Wireless-AC 9560 160MHz - 23.40.0.4,43001,30,0,30,43031,99.9%
Intel(R) Wireless-AC 9560 160MHz,23.60.1.2,Intel(R) Wireless-AC 9560 160MHz - 23.60.1.2,99309,114,0,78,99423,99.9%
Intel(R) Wi-Fi 6 AX200 160MHz,23.60.1.2,Intel(R) Wi-Fi 6 AX200 160MHz - 23.60.1.2,60575,63,0,42,60638,99.9%
Intel(R) Wi-Fi 6 AX201 160MHz,22.130.0.5,Intel(R) Wi-Fi 6 AX201 160MHz - 22.130.0.5,10897,6,0,4,10903,99.9%
Intel(R) Wi-Fi 6 AX201 160MHz,22.110.1.1,Intel(R) Wi-Fi 6 AX201 160MHz - 22.110.1.1,3352,2,0,10,3354,99.9%
Intel(R) Wi-Fi 6 AX201 160MHz,22.100.1.1,Intel(R) Wi-Fi 6 AX201 160MHz - 22.100.1.1,34521,21,0,56,34542,99.9%
Intel(R) Wi-Fi 6 AX201 160MHz,21.90.2.1,Intel(R) Wi-Fi 6 AX201 160MHz - 21.90.2.1,6786,4,0,5,6790,99.9%
Intel(R) Wi-Fi 6 AX201 160MHz,22.0.0.6,Intel(R) Wi-Fi 6 AX201 160MHz - 22.0.0.6,13296,15,0,11,13311,99.9%
Intel(R) Wi-Fi 6 AX201 160MHz,22.0.1.1,Intel(R) Wi-Fi 6 AX201 160MHz - 22.0.1.1,20300,17,0,44,20317,99.9%
Intel(R) Wi-Fi 6 AX201 160MHz,23.20.1.1,Intel(R) Wi-Fi 6 AX201 160MHz - 23.20.1.1,12039,15,0,17,12054,99.9%
Intel(R) Wi-Fi 6 AX201 160MHz,22.10.0.7,Intel(R) Wi-Fi 6 AX201 160MHz - 22.10.0.7,27410,33,0,57,27443,99.9%
Intel(R) Wireless-AC 9560 160MHz,22.30.0.11,Intel(R) Wireless-AC 9560 160MHz - 22.30.0.11,3175,2,0,4,3177,99.9%
Intel(R) Wi-Fi 6E AX211 160MHz,22.200.2.1,Intel(R) Wi-Fi 6E AX211 160MHz - 22.200.2.1,26950,20,0,29,26970,99.9%
Intel(R) Wi-Fi 7 BE200 320MHz,23.90.0.2,Intel(R) Wi-Fi 7 BE200 320MHz - 23.90.0.2,1726,1,0,3,1727,99.9%
Intel(R) Wi-Fi 7 BE200 320MHz,23.60.1.2,Intel(R) Wi-Fi 7 BE200 320MHz - 23.60.1.2,1000,1,0,1,1001,99.9%
Intel(R) Wi-Fi 6E AX211 160MHz,23.30.0.6,Intel(R) Wi-Fi 6E AX211 160MHz - 23.30.0.6,2176,3,0,4,2179,99.9%
Intel(R) Dual Band Wireless-AC 7265,19.51.40.1,Intel(R) Dual Band Wireless-AC 7265 - 19.51.40.1,1854,1,0,2,1855,99.9%
Intel(R) Dual Band Wireless-AC 8260,20.70.12.5,Intel(R) Dual Band Wireless-AC 8260 - 20.70.12.5,2867,4,0,2,2871,99.9%
Intel(R) Wi-Fi 6E AX211 160MHz,23.10.0.8,Intel(R) Wi-Fi 6E AX211 160MHz - 23.10.0.8,7040,10,0,7,7050,99.9%
Intel(R) Dual Band Wireless-AC 8260,20.70.2.1,Intel(R) Dual Band Wireless-AC 8260 - 20.70.2.1,2099,3,0,2,2102,99.9%
Intel(R) Wi-Fi 6E AX210 160MHz,23.90.0.2,Intel(R) Wi-Fi 6E AX210 160MHz - 23.90.0.2,4394,6,0,11,4400,99.9%
Intel(R) Wi-Fi 6E AX211 160MHz,22.250.10.1,Intel(R) Wi-Fi 6E AX211 160MHz - 22.250.10.1,1595,1,0,2,1596,99.9%
Intel(R) Wi-Fi 6E AX211 160MHz,22.100.1.1,Intel(R) Wi-Fi 6E AX211 160MHz - 22.100.1.1,3045,3,0,3,3048,99.9%
Intel(R) Dual Band Wireless-AC 8265,20.70.12.5,Intel(R) Dual Band Wireless-AC 8265 - 20.70.12.5,1436,1,0,1,1437,99.9%
Intel(R) Wireless-AC 9560 160MHz,22.240.0.6,Intel(R) Wireless-AC 9560 160MHz - 22.240.0.6,1499,1,0,2,1500,99.9%
Intel(R) Wi-Fi 6E AX211 160MHz,22.170.2.1,Intel(R) Wi-Fi 6E AX211 160MHz - 22.170.2.1,20869,47,0,2,20916,99.8%
Intel(R) Wi-Fi 6 AX201 160MHz,22.150.0.3,Intel(R) Wi-Fi 6 AX201 160MHz - 22.150.0.3,7804,14,0,15,7818,99.8%
Intel(R) Wi-Fi 6 AX201 160MHz,23.110.0.5,Intel(R) Wi-Fi 6 AX201 160MHz - 23.110.0.5,13160,24,0,16,13184,99.8%
Realtek RTL8852BE WiFi 6 802.11ax PCIe Adapter,6001.15.123.322,Realtek RTL8852BE WiFi 6 802.11ax PCIe Adapter - 6001.15.123.322,402,1,0,1,403,99.8%
Realtek RTL8852BE WiFi 6 802.11ax PCIe Adapter,6001.15.123.320,Realtek RTL8852BE WiFi 6 802.11ax PCIe Adapter - 6001.15.123.320,1435,3,0,1,1438,99.8%
Intel(R) Wi-Fi 6 AX201 160MHz,21.110.1.1,Intel(R) Wi-Fi 6 AX201 160MHz - 21.110.1.1,43034,71,0,32,43105,99.8%
Intel(R) Wi-Fi 6 AX201 160MHz,22.120.0.3,Intel(R) Wi-Fi 6 AX201 160MHz - 22.120.0.3,3108,6,0,4,3114,99.8%
Intel(R) Wi-Fi 6 AX201 160MHz,22.140.0.3,Intel(R) Wi-Fi 6 AX201 160MHz - 22.140.0.3,2645,4,0,5,2649,99.8%
Intel(R) Wireless-AC 9560 160MHz,21.70.0.6,Intel(R) Wireless-AC 9560 160MHz - 21.70.0.6,1984,4,0,2,1988,99.8%
Intel(R) Wireless-AC 9560 160MHz,23.80.0.7,Intel(R) Wireless-AC 9560 160MHz - 23.80.0.7,10079,24,0,20,10103,99.8%
Intel(R) Wi-Fi 6 AX201 160MHz,22.40.0.7,Intel(R) Wi-Fi 6 AX201 160MHz - 22.40.0.7,66851,113,0,165,66964,99.8%
Intel(R) Wi-Fi 6 AX200 160MHz,23.120.0.3,Intel(R) Wi-Fi 6 AX200 160MHz - 23.120.0.3,7184,14,0,9,7198,99.8%
Intel(R) Wi-Fi 6 AX200 160MHz,22.120.1.9,Intel(R) Wi-Fi 6 AX200 160MHz - 22.120.1.9,17835,30,0,13,17865,99.8%
Intel(R) Wi-Fi 6E AX211 160MHz,22.250.1.2,Intel(R) Wi-Fi 6E AX211 160MHz - 22.250.1.2,1438,3,0,3,1441,99.8%
MediaTek Wi-Fi 6E MT7922 (RZ616) 160MHz PCIe Adapter,3.3.0.824,MediaTek Wi-Fi 6E MT7922 (RZ616) 160MHz PCIe Adapter - 3.3.0.824,498,1,0,2,499,99.8%
Intel(R) Wi-Fi 6 AX201 160MHz,22.200.0.6,Intel(R) Wi-Fi 6 AX201 160MHz - 22.200.0.6,2570,4,0,4,2574,99.8%
Intel(R) Wi-Fi 6 AX201 160MHz,22.200.2.1,Intel(R) Wi-Fi 6 AX201 160MHz - 22.200.2.1,15850,34,0,30,15884,99.8%
Intel(R) Wi-Fi 6 AX201 160MHz,22.190.0.4,Intel(R) Wi-Fi 6 AX201 160MHz - 22.190.0.4,31692,63,0,37,31755,99.8%
Intel(R) Wi-Fi 6 AX201 160MHz,22.170.0.3,Intel(R) Wi-Fi 6 AX201 160MHz - 22.170.0.3,10399,27,0,10,10426,99.7%
Intel(R) Wi-Fi 6 AX201 160MHz,22.80.1.1,Intel(R) Wi-Fi 6 AX201 160MHz - 22.80.1.1,16638,51,0,12,16689,99.7%
Intel(R) Wi-Fi 6E AX211 160MHz,22.240.0.6,Intel(R) Wi-Fi 6E AX211 160MHz - 22.240.0.6,1458,4,0,2,1462,99.7%
Intel(R) Wireless-AC 9560 160MHz,22.80.0.9,Intel(R) Wireless-AC 9560 160MHz - 22.80.0.9,397,1,0,1,398,99.7%
Fi,16.0 (1657),Fi - 16.0 (1657),36305,96,0,75,36401,99.7%
Intel(R) Dual Band Wireless-AC 8265,20.70.4.2,Intel(R) Dual Band Wireless-AC 8265 - 20.70.4.2,82532,236,0,57,82768,99.7%
Intel(R) Dual Band Wireless-AC 8265,20.70.3.3,Intel(R) Dual Band Wireless-AC 8265 - 20.70.3.3,12940,40,0,8,12980,99.7%
Intel(R) Wi-Fi 6 AX200 160MHz,22.170.0.3,Intel(R) Wi-Fi 6 AX200 160MHz - 22.170.0.3,1433,4,0,6,1437,99.7%
Intel(R) Wi-Fi 6E AX211 160MHz,23.90.0.2,Intel(R) Wi-Fi 6E AX211 160MHz - 23.90.0.2,101974,382,0,150,102356,99.6%
Intel(R) Wi-Fi 6 AX201 160MHz,22.45.1.1,Intel(R) Wi-Fi 6 AX201 160MHz - 22.45.1.1,265,1,0,1,266,99.6%
Intel(R) Wi-Fi 6 AX201 160MHz,22.250.1.2,Intel(R) Wi-Fi 6 AX201 160MHz - 22.250.1.2,3881,14,0,5,3895,99.6%
Intel(R) Wi-Fi 6 AX201 160MHz,22.240.0.6,Intel(R) Wi-Fi 6 AX201 160MHz - 22.240.0.6,7319,27,0,18,7346,99.6%
Intel(R) Wireless-AC 9560 160MHz,22.250.0.4,Intel(R) Wireless-AC 9560 160MHz - 22.250.0.4,542,2,0,1,544,99.6%
Intel(R) Wireless-AC 9462,22.70.0.6,Intel(R) Wireless-AC 9462 - 22.70.0.6,1427,6,0,1,1433,99.6%
Intel(R) Wi-Fi 6 AX201 160MHz,23.60.0.10,Intel(R) Wi-Fi 6 AX201 160MHz - 23.60.0.10,2006,9,0,7,2015,99.6%
Intel(R) Dual Band Wireless-AC 8260,20.70.23.1,Intel(R) Dual Band Wireless-AC 8260 - 20.70.23.1,12002,50,0,9,12052,99.6%
Intel(R) Wi-Fi 6 AX201 160MHz,22.160.3.2,Intel(R) Wi-Fi 6 AX201 160MHz - 22.160.3.2,809,4,0,3,813,99.5%
Intel(R) Wi-Fi 6E AX211 160MHz,23.20.1.1,Intel(R) Wi-Fi 6E AX211 160MHz - 23.20.1.1,23522,123,0,31,23645,99.5%
Intel(R) Wi-Fi 6 AX200 160MHz,23.90.0.2,Intel(R) Wi-Fi 6 AX200 160MHz - 23.90.0.2,112884,719,0,84,113603,99.4%
Intel(R) Wi-Fi 6E AX210 160MHz,22.150.0.3,Intel(R) Wi-Fi 6E AX210 160MHz - 22.150.0.3,1425,9,0,1,1434,99.4%
Intel(R) Wi-Fi 6 AX200 160MHz,23.70.2.3,Intel(R) Wi-Fi 6 AX200 160MHz - 23.70.2.3,1570,9,0,1,1579,99.4%
Intel(R) Wi-Fi 6 AX201 160MHz,22.250.0.4,Intel(R) Wi-Fi 6 AX201 160MHz - 22.250.0.4,7336,42,0,6,7378,99.4%
Intel(R) Wireless-AC 9560 160MHz,22.250.1.2,Intel(R) Wireless-AC 9560 160MHz - 22.250.1.2,21099,132,0,17,21231,99.4%
Intel(R) Wi-Fi 6E AX210 160MHz,23.110.0.5,Intel(R) Wi-Fi 6E AX210 160MHz - 23.110.0.5,1880,13,0,5,1893,99.3%
Intel(R) Wi-Fi 6 AX201 160MHz,23.90.0.2,Intel(R) Wi-Fi 6 AX201 160MHz - 23.90.0.2,189333,1313,0,250,190646,99.3%
Intel(R) Dual Band Wireless-AC 8260,20.10.0.6,Intel(R) Dual Band Wireless-AC 8260 - 20.10.0.6,1426,12,0,1,1438,99.2%
Realtek RTL8811AU Wireless LAN 802.11ac USB 2.0 Network Adapter,1030.38.712.2019,Realtek RTL8811AU Wireless LAN 802.11ac USB 2.0 Network Adapter - 1030.38.712.2019,3137,24,0,2,3161,99.2%
Intel(R) Wi-Fi 6 AX201 160MHz,23.80.0.7,Intel(R) Wi-Fi 6 AX201 160MHz - 23.80.0.7,39400,307,0,90,39707,99.2%
Intel(R) Wi-Fi 6 AX201 160MHz,23.60.1.2,Intel(R) Wi-Fi 6 AX201 160MHz - 23.60.1.2,216822,1663,0,377,218485,99.2%
Intel(R) Dual Band Wireless-AC 8265,20.70.18.2,Intel(R) Dual Band Wireless-AC 8265 - 20.70.18.2,14750,114,0,18,14864,99.2%
Intel(R) Wi-Fi 6 AX201 160MHz,22.230.0.8,Intel(R) Wi-Fi 6 AX201 160MHz - 22.230.0.8,976,9,0,7,985,99.1%
Intel(R) Wi-Fi 6E AX211 160MHz,23.110.0.5,Intel(R) Wi-Fi 6E AX211 160MHz - 23.110.0.5,117474,1049,0,186,118523,99.1%
Intel(R) Wi-Fi 6 AX201 160MHz,23.120.0.3,Intel(R) Wi-Fi 6 AX201 160MHz - 23.120.0.3,56127,515,0,87,56642,99.1%
Qualcomm QCA61x4A 802.11ac Wireless Adapter,12.0.0.1118,Qualcomm QCA61x4A 802.11ac Wireless Adapter - 12.0.0.1118,4164,39,0,2,4203,99.1%
Intel(R) Wi-Fi 6 AX200 160MHz,23.40.0.4,Intel(R) Wi-Fi 6 AX200 160MHz - 23.40.0.4,9329,99,0,9,9428,98.9%
Intel(R) Wi-Fi 6 AX201 160MHz,23.80.1.3,Intel(R) Wi-Fi 6 AX201 160MHz - 23.80.1.3,559,6,0,1,565,98.9%
Intel(R) Wi-Fi 6E AX211 160MHz,23.60.1.2,Intel(R) Wi-Fi 6E AX211 160MHz - 23.60.1.2,121073,1475,0,186,122548,98.8%
Intel(R) Wi-Fi 6 AX201 160MHz,23.40.1.1,Intel(R) Wi-Fi 6 AX201 160MHz - 23.40.1.1,222,3,0,2,225,98.7%
Intel(R) Wireless-AC 9560 160MHz,22.170.0.3,Intel(R) Wireless-AC 9560 160MHz - 22.170.0.3,3393,49,0,3,3442,98.6%
Intel(R) Wi-Fi 6E AX211 160MHz,22.220.1.1,Intel(R) Wi-Fi 6E AX211 160MHz - 22.220.1.1,49121,697,0,38,49818,98.6%
Intel(R) Dual Band Wireless-AC 7260,17.15.0.5,Intel(R) Dual Band Wireless-AC 7260 - 17.15.0.5,1419,20,0,1,1439,98.6%
Intel(R) Wi-Fi 6E AX211 160MHz,22.170.0.3,Intel(R) Wi-Fi 6E AX211 160MHz - 22.170.0.3,5479,81,0,4,5560,98.5%
Intel(R) Wireless-AC 9260 160MHz,23.40.0.4,Intel(R) Wireless-AC 9260 160MHz - 23.40.0.4,1396,28,0,1,1424,98.0%
Realtek RTL8811AU Wireless LAN 802.11ac USB 2.0 Network Adapter,1030.44.822.2023,Realtek RTL8811AU Wireless LAN 802.11ac USB 2.0 Network Adapter - 1030.44.822.2023,28106,723,0,20,28829,97.5%
RZ616 Wi-Fi 6E 160MHz,24.34.2.567,RZ616 Wi-Fi 6E 160MHz - 24.34.2.567,116,3,0,1,119,97.5%
Intel(R) Wi-Fi 6E AX211 160MHz,22.160.0.3,Intel(R) Wi-Fi 6E AX211 160MHz - 22.160.0.3,4807,149,0,1,4956,97.0%
Killer(R) Wi-Fi 6 AX1650s 160MHz Wireless Network Adapter (201D2W),23.90.0.2,Killer(R) Wi-Fi 6 AX1650s 160MHz Wireless Network Adapter (201D2W) - 23.90.0.2,3660,123,0,5,3783,96.7%
Intel(R) Dual Band Wireless-AC 8260,20.70.18.2,Intel(R) Dual Band Wireless-AC 8260 - 20.70.18.2,6441,267,0,5,6708,96.0%
Intel(R) Wi-Fi 6 AX200 160MHz,23.80.0.7,Intel(R) Wi-Fi 6 AX200 160MHz - 23.80.0.7,13740,624,0,23,14364,95.7%
Intel(R) Wi-Fi 6E AX210 160MHz,23.80.0.7,Intel(R) Wi-Fi 6E AX210 160MHz - 23.80.0.7,21,1,0,1,22,95.5%
Intel(R) Wi-Fi 6 AX200 160MHz,22.70.0.6,Intel(R) Wi-Fi 6 AX200 160MHz - 22.70.0.6,53,3,0,1,56,94.6%
Intel(R) Wi-Fi 6 AX200 160MHz,23.60.0.10,Intel(R) Wi-Fi 6 AX200 160MHz - 23.60.0.10,7703,465,0,11,8168,94.3%
Intel(R) Wireless-AC 9560 160MHz,21.80.2.1,Intel(R) Wireless-AC 9560 160MHz - 21.80.2.1,610,0,0,1,610,100.0%
Intel(R) Wireless-AC 9560 160MHz,22.0.1.1,Intel(R) Wireless-AC 9560 160MHz - 22.0.1.1,1183,0,0,1,1183,100.0%
Realtek RTL8852BE WiFi 6 802.11ax PCIe Adapter,6001.15.152.0,Realtek RTL8852BE WiFi 6 802.11ax PCIe Adapter - 6001.15.152.0,44224,2,0,52,44226,100.0%
Intel(R) Wireless-AC 9560 160MHz,21.50.1.1,Intel(R) Wireless-AC 9560 160MHz - 21.50.1.1,2879,0,0,2,2879,100.0%
Realtek RTL8852BE WiFi 6 802.11ax PCIe Adapter,6001.15.149.0,Realtek RTL8852BE WiFi 6 802.11ax PCIe Adapter - 6001.15.149.0,5,0,0,1,5,100.0%
Intel(R) Wireless-AC 9560 160MHz,21.30.3.2,Intel(R) Wireless-AC 9560 160MHz - 21.30.3.2,236,0,0,1,236,100.0%
Intel(R) Wireless-AC 9560 160MHz,20.110.0.3,Intel(R) Wireless-AC 9560 160MHz - 20.110.0.3,1434,0,0,1,1434,100.0%
Intel(R) Wireless-AC 9560 160MHz,21.0.0.5,Intel(R) Wireless-AC 9560 160MHz - 21.0.0.5,2885,0,0,2,2885,100.0%
Intel(R) Wireless-AC 9560 160MHz,21.110.2.1,Intel(R) Wireless-AC 9560 160MHz - 21.110.2.1,210,0,0,1,210,100.0%
Intel(R) Wireless-AC 9560 160MHz,21.120.0.9,Intel(R) Wireless-AC 9560 160MHz - 21.120.0.9,13,0,0,1,13,100.0%
Intel(R) Wireless-AC 9560 160MHz,21.20.1.1,Intel(R) Wireless-AC 9560 160MHz - 21.20.1.1,3224,0,0,3,3224,100.0%
Realtek RTL8852BE WiFi 6 802.11ax PCIe Adapter,6001.15.123.333,Realtek RTL8852BE WiFi 6 802.11ax PCIe Adapter - 6001.15.123.333,1439,0,0,1,1439,100.0%
Qualcomm QCA9377 802.11ac Wireless Adapter,12.0.0.953,Qualcomm QCA9377 802.11ac Wireless Adapter - 12.0.0.953,1425,0,0,1,1425,100.0%
Intel(R) Wireless-AC 9560,20.30.4.1,Intel(R) Wireless-AC 9560 - 20.30.4.1,638,0,0,1,638,100.0%
Intel(R) Wireless-AC 9560 160MHz,23.90.0.2,Intel(R) Wireless-AC 9560 160MHz - 23.90.0.2,1574,0,0,1,1574,100.0%
Intel(R) Wireless-AC 9560 160MHz,22.10.0.7,Intel(R) Wireless-AC 9560 160MHz - 22.10.0.7,3247,0,0,3,3247,100.0%
Intel(R) Wireless-AC 9560 160MHz,22.130.0.5,Intel(R) Wireless-AC 9560 160MHz - 22.130.0.5,1,0,0,1,1,100.0%
Linux,iwlwifi,iwlwifi,3144,0,0,4,3144,100.0%
Intel Corporation Wi-Fi 5(802.11ac) Wireless-AC 9x6x [Thunder Peak] [8086:2526] (rev 29),iwlwifi,Intel Corporation Wi-Fi 5(802.11ac) Wireless-AC 9x6x [Thunder Peak] [8086:2526] (rev 29) - iwlwifi,1195,0,0,1,1195,100.0%
Marvell AVASTAR Wireless-AC Network Controller,15.68.17022.122,Marvell AVASTAR Wireless-AC Network Controller - 15.68.17022.122,1436,0,0,1,1436,100.0%
Intel(R) Wireless-AC 9560 160MHz,23.20.1.1,Intel(R) Wireless-AC 9560 160MHz - 23.20.1.1,1449,0,0,1,1449,100.0%
Intel(R) Wireless-AC 9260 160MHz,22.180.0.4,Intel(R) Wireless-AC 9260 160MHz - 22.180.0.4,716,0,0,1,716,100.0%
MediaTek Wi-Fi 6E MT7922 (RZ616) 160MHz PCIe Adapter,3.4.0.1088,MediaTek Wi-Fi 6E MT7922 (RZ616) 160MHz PCIe Adapter - 3.4.0.1088,254,0,0,1,254,100.0%
RZ616 Wi-Fi 6E 160MHz,23.32.2.560,RZ616 Wi-Fi 6E 160MHz - 23.32.2.560,557,0,0,2,557,100.0%
Intel(R) Wireless-AC 9560 160MHz,23.120.0.3,Intel(R) Wireless-AC 9560 160MHz - 23.120.0.3,1433,0,0,1,1433,100.0%
Intel(R) Wireless-AC 9560 160MHz,23.110.0.5,Intel(R) Wireless-AC 9560 160MHz - 23.110.0.5,1440,0,0,1,1440,100.0%
Intel(R) Dual Band Wireless-AC 8260,20.50.0.5,Intel(R) Dual Band Wireless-AC 8260 - 20.50.0.5,4192,1,0,3,4193,100.0%
Intel(R) Dual Band Wireless-AC 8265,20.50.0.5,Intel(R) Dual Band Wireless-AC 8265 - 20.50.0.5,45,0,0,1,45,100.0%
Intel(R) Wireless-AC 9560 160MHz,22.80.1.1,Intel(R) Wireless-AC 9560 160MHz - 22.80.1.1,1434,0,0,1,1434,100.0%
Intel(R) Wireless-AC 9560 160MHz,22.40.0.7,Intel(R) Wireless-AC 9560 160MHz - 22.40.0.7,3351,0,0,3,3351,100.0%
Intel(R) Wi-Fi 6 AX201 160MHz,22.0.1.5,Intel(R) Wi-Fi 6 AX201 160MHz - 22.0.1.5,7283,3,0,6,7286,100.0%
Intel(R) Wireless-AC 9560 160MHz,21.10.2.2,Intel(R) Wireless-AC 9560 160MHz - 21.10.2.2,1984,0,0,1,1984,100.0%
Qualcomm QCA61x4A 802.11ac Wireless Adapter,12.0.0.722,Qualcomm QCA61x4A 802.11ac Wireless Adapter - 12.0.0.722,1259,0,0,1,1259,100.0%
Qualcomm FastConnect 6900 Wi-Fi 6E Dual Band Simultaneous (DBS) WiFiCx Network Adapter,2.0.0.1229,Qualcomm FastConnect 6900 Wi-Fi 6E Dual Band Simultaneous (DBS) WiFiCx Network Adapter - 2.0.0.1229,1535,0,0,1,1535,100.0%
Intel(R) Wireless-AC 9560 160MHz,22.200.2.1,Intel(R) Wireless-AC 9560 160MHz - 22.200.2.1,79,0,0,2,79,100.0%
Intel(R) Wireless-AC 9560 160MHz,22.190.0.4,Intel(R) Wireless-AC 9560 160MHz - 22.190.0.4,357,0,0,1,357,100.0%
Qualcomm QCA61x4A 802.11ac Wireless Adapter,12.0.0.1016,Qualcomm QCA61x4A 802.11ac Wireless Adapter - 12.0.0.1016,135,0,0,1,135,100.0%
Intel(R) Wireless-AC 9560 160MHz,22.150.1.1,Intel(R) Wireless-AC 9560 160MHz - 22.150.1.1,1111,0,0,2,1111,100.0%
Intel(R) Wireless-AC 9560 160MHz,22.250.10.1,Intel(R) Wireless-AC 9560 160MHz - 22.250.10.1,216,0,0,2,216,100.0%
"Wi-Fi  (0x14E4, 0x4388)",16.0 (1657),"Wi-Fi  (0x14E4, 0x4388) - 16.0 (1657)",2,0,0,1,2,100.0%
Intel(R) Wireless-AC 9260 160MHz,22.120.0.3,Intel(R) Wireless-AC 9260 160MHz - 22.120.0.3,822,0,0,1,822,100.0%
Intel(R) Wireless-AC 9260 160MHz,21.110.1.1,Intel(R) Wireless-AC 9260 160MHz - 21.110.1.1,2284,0,0,2,2284,100.0%
Intel(R) Wi-Fi 6 AX201 160MHz,22.100.0.3,Intel(R) Wi-Fi 6 AX201 160MHz - 22.100.0.3,7746,3,0,3,7749,100.0%
Intel(R) Wi-Fi 6 AX201 160MHz,21.110.3.2,Intel(R) Wi-Fi 6 AX201 160MHz - 21.110.3.2,1433,0,0,1,1433,100.0%
Intel(R) Wi-Fi 6 AX201 160MHz,21.110.2.1,Intel(R) Wi-Fi 6 AX201 160MHz - 21.110.2.1,59,0,0,1,59,100.0%
Intel(R) Wi-Fi 6 AX200 160MHz,23.20.1.1,Intel(R) Wi-Fi 6 AX200 160MHz - 23.20.1.1,1431,0,0,1,1431,100.0%
Intel(R) Wi-Fi 6 AX200 160MHz,23.110.0.5,Intel(R) Wi-Fi 6 AX200 160MHz - 23.110.0.5,1219,0,0,3,1219,100.0%
Intel(R) Wi-Fi 6 AX200 160MHz,22.80.1.1,Intel(R) Wi-Fi 6 AX200 160MHz - 22.80.1.1,1,0,0,1,1,100.0%
Intel(R) Wi-Fi 6 AX200 160MHz,22.250.1.2,Intel(R) Wi-Fi 6 AX200 160MHz - 22.250.1.2,1437,0,0,1,1437,100.0%
Intel(R) Wi-Fi 6 AX200 160MHz,22.250.0.4,Intel(R) Wi-Fi 6 AX200 160MHz - 22.250.0.4,8079,1,0,6,8080,100.0%
Intel(R) Wi-Fi 6 AX200 160MHz,22.230.0.8,Intel(R) Wi-Fi 6 AX200 160MHz - 22.230.0.8,1434,0,0,1,1434,100.0%
Intel(R) Wi-Fi 6 AX200 160MHz,22.200.0.6,Intel(R) Wi-Fi 6 AX200 160MHz - 22.200.0.6,3166,0,0,2,3166,100.0%
Intel(R) Wi-Fi 6 AX200 160MHz,22.160.0.4,Intel(R) Wi-Fi 6 AX200 160MHz - 22.160.0.4,1581,0,0,1,1581,100.0%
Intel(R) Wi-Fi 6 AX200 160MHz,22.110.1.1,Intel(R) Wi-Fi 6 AX200 160MHz - 22.110.1.1,1433,0,0,1,1433,100.0%
Intel(R) Wi-Fi 6 AX200 160MHz,21.60.0.5,Intel(R) Wi-Fi 6 AX200 160MHz - 21.60.0.5,9049,3,0,24,9052,100.0%
Intel(R) Wi-Fi 6 AX200 160MHz,21.10.1.2,Intel(R) Wi-Fi 6 AX200 160MHz - 21.10.1.2,487,0,0,1,487,100.0%
Intel(R) Dual Band Wireless-AC 8265,20.70.5.2,Intel(R) Dual Band Wireless-AC 8265 - 20.70.5.2,4749,0,0,3,4749,100.0%
Intel(R) Dual Band Wireless-AC 8265,20.70.27.1,Intel(R) Dual Band Wireless-AC 8265 - 20.70.27.1,2873,0,0,2,2873,100.0%
Intel(R) Dual Band Wireless-AC 8265,20.70.25.2,Intel(R) Dual Band Wireless-AC 8265 - 20.70.25.2,14534,2,0,15,14536,100.0%
Intel(R) Dual Band Wireless-AC 8265,20.70.21.2,Intel(R) Dual Band Wireless-AC 8265 - 20.70.21.2,11119,1,0,9,11120,100.0%
Intel(R) Dual Band Wireless-AC 8265,20.70.19.1,Intel(R) Dual Band Wireless-AC 8265 - 20.70.19.1,1249,0,0,2,1249,100.0%
Intel(R) Dual Band Wireless-AC 8265,20.70.16.4,Intel(R) Dual Band Wireless-AC 8265 - 20.70.16.4,778,0,0,1,778,100.0%
Intel(R) Dual Band Wireless-AC 8260,20.70.5.2,Intel(R) Dual Band Wireless-AC 8260 - 20.70.5.2,2598,0,0,2,2598,100.0%
Intel(R) Dual Band Wireless-AC 8260,20.70.30.1,Intel(R) Dual Band Wireless-AC 8260 - 20.70.30.1,15942,7,0,16,15949,100.0%
Intel(R) Dual Band Wireless-AC 8260,20.70.25.2,Intel(R) Dual Band Wireless-AC 8260 - 20.70.25.2,1373,0,0,1,1373,100.0%
Intel(R) Dual Band Wireless-AC 8260,20.70.21.2,Intel(R) Dual Band Wireless-AC 8260 - 20.70.21.2,2612,0,0,2,2612,100.0%
Intel(R) Dual Band Wireless-AC 7265,19.51.31.1,Intel(R) Dual Band Wireless-AC 7265 - 19.51.31.1,1433,0,0,1,1433,100.0%
Intel(R) Dual Band Wireless-AC 7265,19.51.30.1,Intel(R) Dual Band Wireless-AC 7265 - 19.51.30.1,3661,1,0,4,3662,100.0%
Intel(R) Dual Band Wireless-AC 7265,19.51.29.1,Intel(R) Dual Band Wireless-AC 7265 - 19.51.29.1,1403,0,0,1,1403,100.0%
Intel(R) Dual Band Wireless-AC 7265,19.51.14.1,Intel(R) Dual Band Wireless-AC 7265 - 19.51.14.1,1436,0,0,1,1436,100.0%
Intel(R) Dual Band Wireless-AC 7260,18.33.17.1,Intel(R) Dual Band Wireless-AC 7260 - 18.33.17.1,1438,0,0,1,1438,100.0%
Intel(R) Wi-Fi 6 AX201 160MHz,22.150.1.1,Intel(R) Wi-Fi 6 AX201 160MHz - 22.150.1.1,4180,0,0,2,4180,100.0%
Intel(R) Wi-Fi 6 AX201 160MHz,22.150.2.1,Intel(R) Wi-Fi 6 AX201 160MHz - 22.150.2.1,210,0,0,1,210,100.0%
Intel(R) Wi-Fi 6 AX201 160MHz,22.160.0.3,Intel(R) Wi-Fi 6 AX201 160MHz - 22.160.0.3,1304,0,0,2,1304,100.0%
Intel(R) Wi-Fi 6E AX211 160MHz,22.220.0.4,Intel(R) Wi-Fi 6E AX211 160MHz - 22.220.0.4,316,0,0,1,316,100.0%
Intel(R) Wi-Fi 6E AX211 160MHz,23.80.1.3,Intel(R) Wi-Fi 6E AX211 160MHz - 23.80.1.3,1514,0,0,3,1514,100.0%
Intel(R) Wi-Fi 6E AX211 160MHz,23.80.0.7,Intel(R) Wi-Fi 6E AX211 160MHz - 23.80.0.7,3087,0,0,9,3087,100.0%
Intel(R) Wi-Fi 6E AX211 160MHz,23.70.2.3,Intel(R) Wi-Fi 6E AX211 160MHz - 23.70.2.3,1561,0,0,1,1561,100.0%
Intel(R) Wi-Fi 6E AX211 160MHz,23.70.0.6,Intel(R) Wi-Fi 6E AX211 160MHz - 23.70.0.6,1489,0,0,3,1489,100.0%
Intel(R) Wi-Fi 6E AX211 160MHz,23.60.0.10,Intel(R) Wi-Fi 6E AX211 160MHz - 23.60.0.10,182,0,0,2,182,100.0%
Intel(R) Wi-Fi 6E AX211 160MHz,23.40.1.1,Intel(R) Wi-Fi 6E AX211 160MHz - 23.40.1.1,337,0,0,1,337,100.0%
Intel(R) Wi-Fi 6E AX211 160MHz,23.40.0.4,Intel(R) Wi-Fi 6E AX211 160MHz - 23.40.0.4,247,0,0,2,247,100.0%
Intel(R) Wi-Fi 6E AX211 160MHz,23.20.0.4,Intel(R) Wi-Fi 6E AX211 160MHz - 23.20.0.4,843,0,0,2,843,100.0%
Intel(R) Wi-Fi 6E AX211 160MHz,23.130.1.1,Intel(R) Wi-Fi 6E AX211 160MHz - 23.130.1.1,1435,0,0,1,1435,100.0%
Intel(R) Wi-Fi 6E AX211 160MHz,23.120.0.3,Intel(R) Wi-Fi 6E AX211 160MHz - 23.120.0.3,6057,0,0,8,6057,100.0%
Intel(R) Wi-Fi 6E AX211 160MHz,23.100.0.4,Intel(R) Wi-Fi 6E AX211 160MHz - 23.100.0.4,1430,0,0,1,1430,100.0%
Intel(R) Wi-Fi 6E AX211 160MHz,22.250.0.4,Intel(R) Wi-Fi 6E AX211 160MHz - 22.250.0.4,3281,1,0,6,3282,100.0%
Intel(R) Wi-Fi 6E AX211 160MHz,22.230.0.8,Intel(R) Wi-Fi 6E AX211 160MHz - 22.230.0.8,11426,2,0,19,11428,100.0%
Intel(R) Wi-Fi 6E AX211 160MHz,22.190.0.4,Intel(R) Wi-Fi 6E AX211 160MHz - 22.190.0.4,4490,2,0,9,4492,100.0%
Intel(R) Wi-Fi 6 AX201 160MHz,22.170.2.1,Intel(R) Wi-Fi 6 AX201 160MHz - 22.170.2.1,2489,0,0,4,2489,100.0%
Intel(R) Wi-Fi 6E AX211 160MHz,22.150.3.1,Intel(R) Wi-Fi 6E AX211 160MHz - 22.150.3.1,539,0,0,1,539,100.0%
Intel(R) Wi-Fi 6E AX211 160MHz,22.150.1.1,Intel(R) Wi-Fi 6E AX211 160MHz - 22.150.1.1,1,0,0,1,1,100.0%
Intel(R) Wi-Fi 6E AX211 160MHz,22.150.0.3,Intel(R) Wi-Fi 6E AX211 160MHz - 22.150.0.3,55,0,0,1,55,100.0%
Intel(R) Wi-Fi 6E AX211 160MHz,22.130.0.5,Intel(R) Wi-Fi 6E AX211 160MHz - 22.130.0.5,4755,1,0,2,4756,100.0%
Intel(R) Wi-Fi 6E AX211 160MHz,22.110.1.1,Intel(R) Wi-Fi 6E AX211 160MHz - 22.110.1.1,1100,0,0,2,1100,100.0%
Intel,20.70.30.1,20.70.30.1,208,0,0,1,208,100.0%
Intel(R) Wi-Fi 6E AX210 160MHz,22.230.0.8,Intel(R) Wi-Fi 6E AX210 160MHz - 22.230.0.8,1436,0,0,1,1436,100.0%
Intel(R) Wi-Fi 6 AX201 160MHz,23.40.0.4,Intel(R) Wi-Fi 6 AX201 160MHz - 23.40.0.4,43816,12,0,54,43828,100.0%
Intel(R) Wi-Fi 6 AX201 160MHz,23.20.0.4,Intel(R) Wi-Fi 6 AX201 160MHz - 23.20.0.4,5675,1,0,7,5676,100.0%
Intel(R) Wi-Fi 6 AX201 160MHz,23.100.0.4,Intel(R) Wi-Fi 6 AX201 160MHz - 23.100.0.4,1783,0,0,2,1783,100.0%
Intel(R) Wi-Fi 6 AX201 160MHz,23.10.0.8,Intel(R) Wi-Fi 6 AX201 160MHz - 23.10.0.8,2741,0,0,3,2741,100.0%
Intel(R) Wi-Fi 6 AX201 160MHz,22.30.0.11,Intel(R) Wi-Fi 6 AX201 160MHz - 22.30.0.11,413,0,0,2,413,100.0%
Intel(R) Wi-Fi 6 AX201 160MHz,22.220.0.4,Intel(R) Wi-Fi 6 AX201 160MHz - 22.220.0.4,2701,1,0,3,2702,100.0%
Intel(R) Wi-Fi 6E AX210 160MHz,23.60.1.2,Intel(R) Wi-Fi 6E AX210 160MHz - 23.60.1.2,2070,0,0,4,2070,100.0%
