Adapter,Driver,Adapter-Driver,Good Sum,Critical Sum,Warning Sum,Client Count,Total Sum,Good Roaming Calculation (%)
Intel(R) Wi-Fi 6E AX211 160MHz,22.230.0.8,Intel(R) Wi-Fi 6E AX211 160MHz - 22.230.0.8,3826,3,0,9,3829,99.9%
MediaTek MT7921 Wi-Fi 6 802.11ax PCIe Adapter,3.0.1.1317,MediaTek MT7921 Wi-Fi 6 802.11ax PCIe Adapter - 3.0.1.1317,1425,2,0,7,1427,99.9%
Intel(R) Wi-Fi 6 AX201 160MHz,23.100.0.4,Intel(R) Wi-Fi 6 AX201 160MHz - 23.100.0.4,16885,15,0,15,16900,99.9%
Intel(R) Wi-Fi 6 AX201 160MHz,22.110.1.1,Intel(R) Wi-Fi 6 AX201 160MHz - 22.110.1.1,3870,5,0,5,3875,99.9%
Intel(R) Wi-Fi 6 AX201 160MHz,23.20.0.4,Intel(R) Wi-Fi 6 AX201 160MHz - 23.20.0.4,1550,1,0,4,1551,99.9%
Intel(R) Wi-Fi 6 AX201 160MHz,23.60.1.2,Intel(R) Wi-Fi 6 AX201 160MHz - 23.60.1.2,191443,259,0,544,191702,99.9%
Intel(R) Wi-Fi 6E AX210 160MHz,23.120.0.3,Intel(R) Wi-Fi 6E AX210 160MHz - 23.120.0.3,1206,1,0,6,1207,99.9%
Intel(R) Wi-Fi 6E AX210 160MHz,23.80.0.7,Intel(R) Wi-Fi 6E AX210 160MHz - 23.80.0.7,2254,2,0,4,2256,99.9%
Intel(R) Wi-Fi 6E AX211 160MHz,22.250.0.4,Intel(R) Wi-Fi 6E AX211 160MHz - 22.250.0.4,1450,1,0,2,1451,99.9%
Intel(R) Wi-Fi 6E AX211 160MHz,23.20.1.1,Intel(R) Wi-Fi 6E AX211 160MHz - 23.20.1.1,13353,9,0,24,13362,99.9%
Intel(R) Wireless-AC 9560 160MHz,22.160.0.4,Intel(R) Wireless-AC 9560 160MHz - 22.160.0.4,74301,61,0,66,74362,99.9%
Intel(R) Wi-Fi 6 AX201 160MHz,22.200.2.1,Intel(R) Wi-Fi 6 AX201 160MHz - 22.200.2.1,10554,13,0,13,10567,99.9%
Intel(R) Wireless-AC 9560 160MHz,22.50.0.7,Intel(R) Wireless-AC 9560 160MHz - 22.50.0.7,3805,4,0,5,3809,99.9%
Intel(R) Wireless-AC 9560 160MHz,23.30.0.6,Intel(R) Wireless-AC 9560 160MHz - 23.30.0.6,7914,6,0,12,7920,99.9%
Intel(R) Wi-Fi 6 AX201 160MHz,22.240.0.6,Intel(R) Wi-Fi 6 AX201 160MHz - 22.240.0.6,12000,9,0,14,12009,99.9%
Realtek RTL8852BE WiFi 6 802.11ax PCIe Adapter,6001.15.123.333,Realtek RTL8852BE WiFi 6 802.11ax PCIe Adapter - 6001.15.123.333,1438,2,0,1,1440,99.9%
Qualcomm FastConnect 6900 Wi-Fi 6E Dual Band Simultaneous (DBS) WDI Network Adapter,1.0.0.1633,Qualcomm FastConnect 6900 Wi-Fi 6E Dual Band Simultaneous (DBS) WDI Network Adapter - 1.0.0.1633,1103,1,0,1,1104,99.9%
Intel(R) Dual Band Wireless-AC 8265,20.70.3.3,Intel(R) Dual Band Wireless-AC 8265 - 20.70.3.3,2201,3,0,3,2204,99.9%
Intel(R) Dual Band Wireless-AC 8260,20.70.25.2,Intel(R) Dual Band Wireless-AC 8260 - 20.70.25.2,6412,6,0,7,6418,99.9%
Intel(R) Dual Band Wireless-AC 7265,19.51.40.1,Intel(R) Dual Band Wireless-AC 7265 - 19.51.40.1,8856,15,0,7,8871,99.8%
Intel(R) Dual Band Wireless-AC 8265,22.160.0.4,Intel(R) Dual Band Wireless-AC 8265 - 22.160.0.4,23347,39,0,18,23386,99.8%
Intel(R) Dual Band Wireless-AC 7265,19.51.12.3,Intel(R) Dual Band Wireless-AC 7265 - 19.51.12.3,1778,3,0,3,1781,99.8%
Intel(R) Dual Band Wireless-AC 8265,20.70.25.2,Intel(R) Dual Band Wireless-AC 8265 - 20.70.25.2,19306,39,0,16,19345,99.8%
Qualcomm QCA61x4A 802.11ac Wireless Adapter,12.0.0.1118,Qualcomm QCA61x4A 802.11ac Wireless Adapter - 12.0.0.1118,402,1,0,1,403,99.8%
Intel(R) Dual Band Wireless-AC 8265,22.110.0.2,Intel(R) Dual Band Wireless-AC 8265 - 22.110.0.2,55333,167,0,42,55500,99.7%
Linux,rtw89_8852be,rtw89_8852be,316,1,0,2,317,99.7%
Intel(R) Dual Band Wireless-AC 7265,19.51.15.3,Intel(R) Dual Band Wireless-AC 7265 - 19.51.15.3,2713,7,0,3,2720,99.7%
Realtek RTL8852BE WiFi 6 802.11ax PCIe Adapter,6001.15.123.320,Realtek RTL8852BE WiFi 6 802.11ax PCIe Adapter - 6001.15.123.320,1432,5,0,1,1437,99.7%
Intel(R) Wi-Fi 6 AX201 160MHz,23.90.0.2,Intel(R) Wi-Fi 6 AX201 160MHz - 23.90.0.2,42784,176,0,100,42960,99.6%
Intel(R) Wi-Fi 6 AX200 160MHz,22.70.0.6,Intel(R) Wi-Fi 6 AX200 160MHz - 22.70.0.6,459,2,0,1,461,99.6%
Intel(R) Wi-Fi 6E AX211 160MHz,23.100.0.4,Intel(R) Wi-Fi 6E AX211 160MHz - 23.100.0.4,8645,32,0,7,8677,99.6%
Intel(R) Wi-Fi 6E AX211 160MHz,23.60.1.2,Intel(R) Wi-Fi 6E AX211 160MHz - 23.60.1.2,46464,169,0,124,46633,99.6%
Intel(R) Wi-Fi 6E AX211 160MHz,23.40.0.4,Intel(R) Wi-Fi 6E AX211 160MHz - 23.40.0.4,3359,12,0,13,3371,99.6%
Intel(R) Dual Band Wireless-AC 8265,20.70.32.1,Intel(R) Dual Band Wireless-AC 8265 - 20.70.32.1,15423,56,0,18,15479,99.6%
Intel(R) Wireless-AC 9560 160MHz,22.120.0.3,Intel(R) Wireless-AC 9560 160MHz - 22.120.0.3,1720,7,0,2,1727,99.6%
Intel(R) Dual Band Wireless-AC 8260,22.110.0.2,Intel(R) Dual Band Wireless-AC 8260 - 22.110.0.2,79116,360,0,63,79476,99.5%
Intel(R) Wi-Fi 6 AX201 160MHz,22.100.0.3,Intel(R) Wi-Fi 6 AX201 160MHz - 22.100.0.3,1448,7,0,3,1455,99.5%
Intel(R) Wireless-AC 9260 160MHz,21.20.1.1,Intel(R) Wireless-AC 9260 160MHz - 21.20.1.1,432,2,0,2,434,99.5%
Intel(R) Wireless-AC 9560 160MHz,23.80.0.7,Intel(R) Wireless-AC 9560 160MHz - 23.80.0.7,17408,100,0,34,17508,99.4%
Intel(R) Dual Band Wireless-AC 7265,19.50.1.6,Intel(R) Dual Band Wireless-AC 7265 - 19.50.1.6,315,2,0,1,317,99.4%
Intel(R) Wi-Fi 6 AX201 160MHz,23.110.0.5,Intel(R) Wi-Fi 6 AX201 160MHz - 23.110.0.5,3946,23,0,4,3969,99.4%
Intel(R) Wi-Fi 6 AX200 160MHz,23.80.0.7,Intel(R) Wi-Fi 6 AX200 160MHz - 23.80.0.7,12064,68,0,30,12132,99.4%
Intel(R) Wi-Fi 6 AX201 160MHz,23.80.0.7,Intel(R) Wi-Fi 6 AX201 160MHz - 23.80.0.7,37702,230,0,79,37932,99.4%
Intel(R) Dual Band Wireless-AC 8265,20.70.30.1,Intel(R) Dual Band Wireless-AC 8265 - 20.70.30.1,30615,186,0,38,30801,99.4%
Intel(R) Dual Band Wireless-AC 8260,20.70.32.1,Intel(R) Dual Band Wireless-AC 8260 - 20.70.32.1,15247,103,0,17,15350,99.3%
Intel(R) Wi-Fi 6 AX201 160MHz,22.170.0.3,Intel(R) Wi-Fi 6 AX201 160MHz - 22.170.0.3,1737,12,0,4,1749,99.3%
Intel(R) Dual Band Wireless-AC 7265,19.51.48.1,Intel(R) Dual Band Wireless-AC 7265 - 19.51.48.1,1057,7,0,4,1064,99.3%
Intel(R) Wi-Fi 6 AX201 160MHz,22.160.0.4,Intel(R) Wi-Fi 6 AX201 160MHz - 22.160.0.4,14209,110,0,10,14319,99.2%
Intel(R) Wi-Fi 6E AX210 160MHz,23.90.0.2,Intel(R) Wi-Fi 6E AX210 160MHz - 23.90.0.2,2239,17,0,12,2256,99.2%
Intel(R) Dual Band Wireless-AC 7260,18.33.16.2,Intel(R) Dual Band Wireless-AC 7260 - 18.33.16.2,2518,26,0,5,2544,99.0%
Intel(R) Dual Band Wireless-AC 8265,20.70.18.2,Intel(R) Dual Band Wireless-AC 8265 - 20.70.18.2,15820,209,0,18,16029,98.7%
Linux,iwlwifi,iwlwifi,31021,446,0,26,31467,98.6%
Intel(R) Wi-Fi 6 AX201 160MHz,22.60.1.2,Intel(R) Wi-Fi 6 AX201 160MHz - 22.60.1.2,66,1,0,1,67,98.5%
Intel(R) Wi-Fi 6 AX201 160MHz,22.160.3.2,Intel(R) Wi-Fi 6 AX201 160MHz - 22.160.3.2,4434,72,0,3,4506,98.4%
Intel(R) Dual Band Wireless-AC 7265,19.51.42.2,Intel(R) Dual Band Wireless-AC 7265 - 19.51.42.2,23016,417,0,29,23433,98.2%
Intel(R) Dual Band Wireless-AC 8265,20.50.3.3,Intel(R) Dual Band Wireless-AC 8265 - 20.50.3.3,2855,54,0,5,2909,98.1%
Intel(R) Wi-Fi 6E AX211 160MHz,23.90.0.2,Intel(R) Wi-Fi 6E AX211 160MHz - 23.90.0.2,60562,1199,0,114,61761,98.1%
Intel(R) Wi-Fi 6 AX201 160MHz,23.20.1.1,Intel(R) Wi-Fi 6 AX201 160MHz - 23.20.1.1,7035,145,0,15,7180,98.0%
Intel(R) Dual Band Wireless-AC 7260,17.15.0.5,Intel(R) Dual Band Wireless-AC 7260 - 17.15.0.5,7334,149,0,3,7483,98.0%
Intel(R) Dual Band Wireless-AC 8265,20.70.26.2,Intel(R) Dual Band Wireless-AC 8265 - 20.70.26.2,1009,22,0,3,1031,97.9%
Qualcomm Atheros AR9580 Wireless Network Adapter,10.1.10.5,Qualcomm Atheros AR9580 Wireless Network Adapter - 10.1.10.5,1144,31,0,2,1175,97.4%
Fi,16.0 (1657),Fi - 16.0 (1657),4043,107,0,7,4150,97.4%
Intel(R) Wi-Fi 6 AX201 160MHz,22.100.1.1,Intel(R) Wi-Fi 6 AX201 160MHz - 22.100.1.1,147,4,0,1,151,97.4%
Intel(R) Dual Band Wireless-AC 8265,20.70.24.1,Intel(R) Dual Band Wireless-AC 8265 - 20.70.24.1,1821,50,0,2,1871,97.3%
Intel(R) Wi-Fi 6E AX211 160MHz,22.200.2.1,Intel(R) Wi-Fi 6E AX211 160MHz - 22.200.2.1,1887,54,0,2,1941,97.2%
Intel(R) Wi-Fi 6 AX200 160MHz,22.240.0.6,Intel(R) Wi-Fi 6 AX200 160MHz - 22.240.0.6,534,18,0,1,552,96.7%
Intel(R) Wi-Fi 6 AX200 160MHz,22.170.0.3,Intel(R) Wi-Fi 6 AX200 160MHz - 22.170.0.3,449,16,0,6,465,96.6%
Qualcomm Atheros AR9580 Wireless Network Adapter,3.0.2.201,Qualcomm Atheros AR9580 Wireless Network Adapter - 3.0.2.201,2381,106,0,3,2487,95.7%
Intel(R) Wi-Fi 6 AX201 160MHz,22.40.0.7,Intel(R) Wi-Fi 6 AX201 160MHz - 22.40.0.7,1327,67,0,3,1394,95.2%
Intel(R) Dual Band Wireless-AC 8265,20.70.17.1,Intel(R) Dual Band Wireless-AC 8265 - 20.70.17.1,472,24,0,1,496,95.2%
Intel(R) Wi-Fi 6 AX201 160MHz,22.120.0.3,Intel(R) Wi-Fi 6 AX201 160MHz - 22.120.0.3,2004,106,0,3,2110,95.0%
Intel(R) Wi-Fi 6 AX201 160MHz,22.220.1.1,Intel(R) Wi-Fi 6 AX201 160MHz - 22.220.1.1,2979,173,0,3,3152,94.5%
Intel(R) Wi-Fi 6E AX211 160MHz,22.250.1.2,Intel(R) Wi-Fi 6E AX211 160MHz - 22.250.1.2,5604,456,0,7,6060,92.5%
MediaTek Wi-Fi 6 MT7921 Wireless LAN Card,3.3.3.854,MediaTek Wi-Fi 6 MT7921 Wireless LAN Card - 3.3.3.854,724,71,0,2,795,91.1%
Intel(R) Wi-Fi 6 AX200 160MHz,22.250.1.2,Intel(R) Wi-Fi 6 AX200 160MHz - 22.250.1.2,201,20,0,2,221,91.0%
Intel(R) Wi-Fi 6E AX211 160MHz,22.190.0.4,Intel(R) Wi-Fi 6E AX211 160MHz - 22.190.0.4,7,3,0,1,10,70.0%
Intel(R) Dual Band Wireless-AC 8265,22.130.0.5,Intel(R) Dual Band Wireless-AC 8265 - 22.130.0.5,4994,0,0,6,4994,100.0%
Intel(R) Wireless-AC 9560 160MHz,23.90.0.2,Intel(R) Wireless-AC 9560 160MHz - 23.90.0.2,8,0,0,1,8,100.0%
Killer(R) Wi-Fi 6 AX1650s 160MHz Wireless Network Adapter (201D2W),23.90.0.2,Killer(R) Wi-Fi 6 AX1650s 160MHz Wireless Network Adapter (201D2W) - 23.90.0.2,277,0,0,2,277,100.0%
Killer(R) Wi-Fi 6 AX1650x 160MHz Wireless Network Adapter (200NGW),23.90.0.2,Killer(R) Wi-Fi 6 AX1650x 160MHz Wireless Network Adapter (200NGW) - 23.90.0.2,330,0,0,1,330,100.0%
Intel(R) Dual Band Wireless-AC 8265,20.70.16.4,Intel(R) Dual Band Wireless-AC 8265 - 20.70.16.4,1395,0,0,2,1395,100.0%
Intel(R) Wireless-AC 9560 160MHz,22.10.0.7,Intel(R) Wireless-AC 9560 160MHz - 22.10.0.7,2910,0,0,3,2910,100.0%
Intel Corporation Wi-Fi 5(802.11ac) Wireless-AC 9x6x [Thunder Peak] [8086:2526] (rev 29),iwlwifi,Intel Corporation Wi-Fi 5(802.11ac) Wireless-AC 9x6x [Thunder Peak] [8086:2526] (rev 29) - iwlwifi,1194,0,0,1,1194,100.0%
Intel Corporation Wireless-AC 9260 [8086:2526] (rev 29),iwlwifi,Intel Corporation Wireless-AC 9260 [8086:2526] (rev 29) - iwlwifi,1172,0,0,1,1172,100.0%
MediaTek MT7921 Wi-Fi 6 802.11ax PCIe Adapter,3.0.1.1255,MediaTek MT7921 Wi-Fi 6 802.11ax PCIe Adapter - 3.0.1.1255,45,0,0,2,45,100.0%
Intel(R) Dual Band Wireless-AC 8265,20.70.21.2,Intel(R) Dual Band Wireless-AC 8265 - 20.70.21.2,1480,0,0,2,1480,100.0%
Intel(R) Wireless-AC 9560 160MHz,23.60.1.2,Intel(R) Wireless-AC 9560 160MHz - 23.60.1.2,4023,1,0,10,4024,100.0%
Intel(R) Wireless-AC 9560 160MHz,23.70.2.3,Intel(R) Wireless-AC 9560 160MHz - 23.70.2.3,33,0,0,1,33,100.0%
Intel(R) Wireless-AC 9560 160MHz,22.130.0.5,Intel(R) Wireless-AC 9560 160MHz - 22.130.0.5,28,0,0,1,28,100.0%
Intel(R) Wireless-AC 9560 160MHz,23.40.1.1,Intel(R) Wireless-AC 9560 160MHz - 23.40.1.1,1417,0,0,1,1417,100.0%
MediaTek MT7921 Wi-Fi 6 802.11ax PCIe Adapter,3.0.1.1297,MediaTek MT7921 Wi-Fi 6 802.11ax PCIe Adapter - 3.0.1.1297,38,0,0,2,38,100.0%
Intel(R) Wireless-AC 9560 160MHz,23.20.1.1,Intel(R) Wireless-AC 9560 160MHz - 23.20.1.1,1466,0,0,2,1466,100.0%
Intel(R) Wireless-AC 9560 160MHz,22.80.0.9,Intel(R) Wireless-AC 9560 160MHz - 22.80.0.9,78,0,0,1,78,100.0%
Intel(R) Dual Band Wireless-AC 8265,20.70.27.1,Intel(R) Dual Band Wireless-AC 8265 - 20.70.27.1,5226,0,0,4,5226,100.0%
Intel(R) Wireless-AC 9560 160MHz,22.250.1.2,Intel(R) Wireless-AC 9560 160MHz - 22.250.1.2,1488,0,0,7,1488,100.0%
Intel(R) Wireless-AC 9560 160MHz,22.240.0.6,Intel(R) Wireless-AC 9560 160MHz - 22.240.0.6,9070,1,0,8,9071,100.0%
Intel(R) Wireless-AC 9560 160MHz,22.200.2.1,Intel(R) Wireless-AC 9560 160MHz - 22.200.2.1,6,0,0,2,6,100.0%
Intel(R) Wireless-AC 9560 160MHz,22.170.0.3,Intel(R) Wireless-AC 9560 160MHz - 22.170.0.3,1365,0,0,2,1365,100.0%
Intel(R) Dual Band Wireless-AC 8265,22.0.1.1,Intel(R) Dual Band Wireless-AC 8265 - 22.0.1.1,1214,0,0,1,1214,100.0%
Intel(R) Wireless-AC 9560 160MHz,22.160.0.3,Intel(R) Wireless-AC 9560 160MHz - 22.160.0.3,4,0,0,1,4,100.0%
Intel(R) Wireless-AC 9560 160MHz,22.150.1.1,Intel(R) Wireless-AC 9560 160MHz - 22.150.1.1,131,0,0,1,131,100.0%
Intel(R) Wireless-AC 9560 160MHz,22.140.0.3,Intel(R) Wireless-AC 9560 160MHz - 22.140.0.3,1437,0,0,1,1437,100.0%
Intel(R) Wi-Fi 6 AX201 160MHz,22.20.0.6,Intel(R) Wi-Fi 6 AX201 160MHz - 22.20.0.6,260,0,0,2,260,100.0%
MediaTek MT7921 Wi-Fi 6 802.11ax PCIe Adapter,3.3.0.426,MediaTek MT7921 Wi-Fi 6 802.11ax PCIe Adapter - 3.3.0.426,9,0,0,1,9,100.0%
Intel(R) Dual Band Wireless-AC 8260,22.80.1.1,Intel(R) Dual Band Wireless-AC 8260 - 22.80.1.1,2873,0,0,2,2873,100.0%
Qualcomm FastConnect 6900 Wi-Fi 6E Dual Band Simultaneous (DBS) WDI Network Adapter,1.0.0.1694,Qualcomm FastConnect 6900 Wi-Fi 6E Dual Band Simultaneous (DBS) WDI Network Adapter - 1.0.0.1694,6436,2,0,7,6438,100.0%
TP-Link Wireless USB Adapter,1030.44.1014.2024,TP-Link Wireless USB Adapter - 1030.44.1014.2024,1437,0,0,1,1437,100.0%
Intel(R) Dual Band Wireless-AC 3165,22.130.0.5,Intel(R) Dual Band Wireless-AC 3165 - 22.130.0.5,897,0,0,1,897,100.0%
Intel(R) Dual Band Wireless-AC 7260,18.33.17.1,Intel(R) Dual Band Wireless-AC 7260 - 18.33.17.1,36,0,0,1,36,100.0%
Realtek RTL8852AE WiFi 6 802.11ax PCIe Adapter,6001.10.356.0,Realtek RTL8852AE WiFi 6 802.11ax PCIe Adapter - 6001.10.356.0,26,0,0,1,26,100.0%
Realtek RTL8852AE WiFi 6 802.11ax PCIe Adapter,6001.10.353.0,Realtek RTL8852AE WiFi 6 802.11ax PCIe Adapter - 6001.10.353.0,1359,0,0,3,1359,100.0%
Realtek RTL8822CE 802.11ac PCIe Adapter,2024.10.229.0,Realtek RTL8822CE 802.11ac PCIe Adapter - 2024.10.229.0,47,0,0,1,47,100.0%
Realtek 8811CU Wireless LAN 802.11ac USB NIC,1030.44.1014.2024,Realtek 8811CU Wireless LAN 802.11ac USB NIC - 1030.44.1014.2024,1342,0,0,1,1342,100.0%
Qualcomm QCA9377 802.11ac Wireless Adapter,12.0.0.953,Qualcomm QCA9377 802.11ac Wireless Adapter - 12.0.0.953,1327,0,0,1,1327,100.0%
Intel(R) Dual Band Wireless-AC 7265,19.51.29.1,Intel(R) Dual Band Wireless-AC 7265 - 19.51.29.1,1243,0,0,1,1243,100.0%
Qualcomm FastConnect 6900 Wi-Fi 6E Dual Band Simultaneous (DBS) WiFiCx Network Adapter,2.0.0.1277,Qualcomm FastConnect 6900 Wi-Fi 6E Dual Band Simultaneous (DBS) WiFiCx Network Adapter - 2.0.0.1277,279,0,0,2,279,100.0%
Qualcomm FastConnect 6900 Wi-Fi 6E Dual Band Simultaneous (DBS) WiFiCx Network Adapter,2.0.0.1229,Qualcomm FastConnect 6900 Wi-Fi 6E Dual Band Simultaneous (DBS) WiFiCx Network Adapter - 2.0.0.1229,30,0,0,1,30,100.0%
Qualcomm FastConnect 6900 Wi-Fi 6E Dual Band Simultaneous (DBS) WiFiCx Network Adapter,2.0.0.1215,Qualcomm FastConnect 6900 Wi-Fi 6E Dual Band Simultaneous (DBS) WiFiCx Network Adapter - 2.0.0.1215,27,0,0,1,27,100.0%
Intel(R) Dual Band Wireless-AC 8260,20.70.12.5,Intel(R) Dual Band Wireless-AC 8260 - 20.70.12.5,1436,0,0,1,1436,100.0%
MediaTek MT7921 Wi-Fi 6 802.11ax PCIe Adapter,3.0.1.1327,MediaTek MT7921 Wi-Fi 6 802.11ax PCIe Adapter - 3.0.1.1327,464,0,0,4,464,100.0%
Killer Wireless-n/a/ac 1535 Wireless Network Adapter,12.0.0.1118,Killer Wireless-n/a/ac 1535 Wireless Network Adapter - 12.0.0.1118,40,0,0,1,40,100.0%
Intel(R) Dual Band Wireless-AC 8260,20.70.16.4,Intel(R) Dual Band Wireless-AC 8260 - 20.70.16.4,328,0,0,1,328,100.0%
TP-Link Wireless USB Adapter,1030.38.712.2019,TP-Link Wireless USB Adapter - 1030.38.712.2019,124,0,0,1,124,100.0%
Realtek 8812BU Wireless LAN 802.11ac USB NIC,1030.38.712.2019,Realtek 8812BU Wireless LAN 802.11ac USB NIC - 1030.38.712.2019,442,0,0,1,442,100.0%
Intel(R) Dual Band Wireless-AC 8260,20.70.18.2,Intel(R) Dual Band Wireless-AC 8260 - 20.70.18.2,1436,0,0,1,1436,100.0%
Intel(R) Dual Band Wireless-AC 8260,20.70.3.3,Intel(R) Dual Band Wireless-AC 8260 - 20.70.3.3,18867,0,0,17,18867,100.0%
Intel(R) Dual Band Wireless-AC 8260,20.70.30.1,Intel(R) Dual Band Wireless-AC 8260 - 20.70.30.1,20456,5,0,25,20461,100.0%
Intel(R) Dual Band Wireless-AC 8260,22.180.0.4,Intel(R) Dual Band Wireless-AC 8260 - 22.180.0.4,1267,0,0,1,1267,100.0%
Intel(R) Dual Band Wireless-AC 8260,22.60.0.6,Intel(R) Dual Band Wireless-AC 8260 - 22.60.0.6,1435,0,0,1,1435,100.0%
RZ616 Wi-Fi 6E 160MHz,23.32.2.560,RZ616 Wi-Fi 6E 160MHz - 23.32.2.560,214,0,0,1,214,100.0%
MediaTek Wi-Fi 6 MT7921 Wireless LAN Card,24.40.2.575,MediaTek Wi-Fi 6 MT7921 Wireless LAN Card - 24.40.2.575,1122,0,0,1,1122,100.0%
Intel(R) Wireless-AC 9560 160MHz,21.50.1.1,Intel(R) Wireless-AC 9560 160MHz - 21.50.1.1,896,0,0,1,896,100.0%
Intel(R) Wireless-AC 9560 160MHz,21.70.0.6,Intel(R) Wireless-AC 9560 160MHz - 21.70.0.6,2,0,0,1,2,100.0%
Intel(R) Wireless-AC 9260 160MHz,23.80.0.7,Intel(R) Wireless-AC 9260 160MHz - 23.80.0.7,1009,0,0,1,1009,100.0%
Intel(R) Wireless-AC 9560 160MHz,21.120.0.9,Intel(R) Wireless-AC 9560 160MHz - 21.120.0.9,1205,0,0,1,1205,100.0%
Intel(R) Wi-Fi 6E AX211 160MHz,22.240.0.6,Intel(R) Wi-Fi 6E AX211 160MHz - 22.240.0.6,2098,1,0,5,2099,100.0%
Intel(R) Wi-Fi 6E AX211 160MHz,22.150.1.1,Intel(R) Wi-Fi 6E AX211 160MHz - 22.150.1.1,249,0,0,1,249,100.0%
Intel(R) Wi-Fi 6 AX200 160MHz,23.110.0.5,Intel(R) Wi-Fi 6 AX200 160MHz - 23.110.0.5,1474,0,0,3,1474,100.0%
Intel(R) Wi-Fi 6 AX200 160MHz,23.120.0.3,Intel(R) Wi-Fi 6 AX200 160MHz - 23.120.0.3,2,0,0,2,2,100.0%
Intel(R) Wi-Fi 6E AX210 160MHz,23.60.1.2,Intel(R) Wi-Fi 6E AX210 160MHz - 23.60.1.2,1721,0,0,4,1721,100.0%
Intel(R) Wi-Fi 6 AX200 160MHz,23.20.1.1,Intel(R) Wi-Fi 6 AX200 160MHz - 23.20.1.1,22,0,0,1,22,100.0%
Intel(R) Wi-Fi 6E AX210 160MHz,23.110.0.5,Intel(R) Wi-Fi 6E AX210 160MHz - 23.110.0.5,41,0,0,1,41,100.0%
Intel(R) Wi-Fi 6E AX210 160MHz,22.200.2.1,Intel(R) Wi-Fi 6E AX210 160MHz - 22.200.2.1,24,0,0,1,24,100.0%
Intel(R) Wi-Fi 6 AX200 160MHz,23.30.0.6,Intel(R) Wi-Fi 6 AX200 160MHz - 23.30.0.6,267,0,0,1,267,100.0%
Intel(R) Wi-Fi 6 AX200 160MHz,23.40.0.4,Intel(R) Wi-Fi 6 AX200 160MHz - 23.40.0.4,1044,0,0,3,1044,100.0%
Intel(R) Wi-Fi 6 AX201 160MHz,21.90.2.1,Intel(R) Wi-Fi 6 AX201 160MHz - 21.90.2.1,2,0,0,1,2,100.0%
Intel(R) Wi-Fi 6 AX201 160MHz,23.50.0.6,Intel(R) Wi-Fi 6 AX201 160MHz - 23.50.0.6,3797,1,0,3,3798,100.0%
Intel(R) Wi-Fi 6 AX201 160MHz,23.40.1.1,Intel(R) Wi-Fi 6 AX201 160MHz - 23.40.1.1,214,0,0,1,214,100.0%
Intel(R) Wi-Fi 6 AX201 160MHz,23.40.0.4,Intel(R) Wi-Fi 6 AX201 160MHz - 23.40.0.4,14284,3,0,29,14287,100.0%
Intel(R) Wi-Fi 6 AX201 160MHz,23.30.0.6,Intel(R) Wi-Fi 6 AX201 160MHz - 23.30.0.6,15880,2,0,32,15882,100.0%
Intel(R) Wi-Fi 6 AX201 160MHz,22.10.0.7,Intel(R) Wi-Fi 6 AX201 160MHz - 22.10.0.7,15452,0,0,14,15452,100.0%
Intel(R) Wi-Fi 6 AX201 160MHz,23.120.0.3,Intel(R) Wi-Fi 6 AX201 160MHz - 23.120.0.3,2327,0,0,4,2327,100.0%
Intel(R) Wi-Fi 6 AX201 160MHz,22.130.0.5,Intel(R) Wi-Fi 6 AX201 160MHz - 22.130.0.5,8,0,0,1,8,100.0%
Intel(R) Wi-Fi 6 AX201 160MHz,23.10.0.8,Intel(R) Wi-Fi 6 AX201 160MHz - 23.10.0.8,3904,1,0,4,3905,100.0%
Intel(R) Wi-Fi 6 AX201 160MHz,22.90.0.5,Intel(R) Wi-Fi 6 AX201 160MHz - 22.90.0.5,1205,0,0,3,1205,100.0%
Intel(R) Wi-Fi 6 AX201 160MHz,22.80.0.9,Intel(R) Wi-Fi 6 AX201 160MHz - 22.80.0.9,1059,0,0,1,1059,100.0%
Intel(R) Wi-Fi 6 AX201 160MHz,22.70.0.6,Intel(R) Wi-Fi 6 AX201 160MHz - 22.70.0.6,809,0,0,2,809,100.0%
Intel(R) Wi-Fi 6 AX201 160MHz,22.160.0.3,Intel(R) Wi-Fi 6 AX201 160MHz - 22.160.0.3,2138,1,0,2,2139,100.0%
Intel(R) Wi-Fi 6 AX201 160MHz,22.50.1.1,Intel(R) Wi-Fi 6 AX201 160MHz - 22.50.1.1,1138,0,0,1,1138,100.0%
Intel(R) Wi-Fi 6 AX201 160MHz,22.250.10.1,Intel(R) Wi-Fi 6 AX201 160MHz - 22.250.10.1,1816,0,0,12,1816,100.0%
Intel(R) Wi-Fi 6 AX201 160MHz,22.250.1.2,Intel(R) Wi-Fi 6 AX201 160MHz - 22.250.1.2,6687,0,0,8,6687,100.0%
Intel(R) Wi-Fi 6 AX201 160MHz,22.180.0.4,Intel(R) Wi-Fi 6 AX201 160MHz - 22.180.0.4,3658,1,0,3,3659,100.0%
Intel(R) Wi-Fi 6 AX201 160MHz,22.220.0.4,Intel(R) Wi-Fi 6 AX201 160MHz - 22.220.0.4,2801,0,0,3,2801,100.0%
Intel,21.110.1.1,21.110.1.1,1292,0,0,1,1292,100.0%
Intel(R) Wi-Fi 6E AX211 160MHz,23.10.0.8,Intel(R) Wi-Fi 6E AX211 160MHz - 23.10.0.8,7256,0,0,7,7256,100.0%
Intel(R) Wireless-AC 9560 160MHz,21.110.3.2,Intel(R) Wireless-AC 9560 160MHz - 21.110.3.2,1436,0,0,1,1436,100.0%
Intel(R) Wi-Fi 6E AX211 160MHz,23.110.0.5,Intel(R) Wi-Fi 6E AX211 160MHz - 23.110.0.5,20205,10,0,36,20215,100.0%
Intel(R) Wireless-AC 9560 160MHz,21.110.2.1,Intel(R) Wireless-AC 9560 160MHz - 21.110.2.1,36,0,0,1,36,100.0%
Intel(R) Wireless-AC 9560 160MHz,21.110.1.1,Intel(R) Wireless-AC 9560 160MHz - 21.110.1.1,6158,0,0,5,6158,100.0%
Intel(R) Wireless-AC 9560 160MHz,21.0.0.5,Intel(R) Wireless-AC 9560 160MHz - 21.0.0.5,1440,0,0,1,1440,100.0%
Intel(R) Wi-Fi 6 AX201 160MHz,22.190.0.4,Intel(R) Wi-Fi 6 AX201 160MHz - 22.190.0.4,141,0,0,2,141,100.0%
Intel(R) Wireless-AC 9260 160MHz,23.50.0.6,Intel(R) Wireless-AC 9260 160MHz - 23.50.0.6,964,0,0,1,964,100.0%
Intel(R) Wireless-AC 9260 160MHz,23.120.0.3,Intel(R) Wireless-AC 9260 160MHz - 23.120.0.3,2276,0,0,4,2276,100.0%
Intel(R) Wireless-AC 9260 160MHz,23.110.0.5,Intel(R) Wireless-AC 9260 160MHz - 23.110.0.5,93,0,0,1,93,100.0%
Intel(R) Wireless-AC 9260 160MHz,23.100.0.4,Intel(R) Wireless-AC 9260 160MHz - 23.100.0.4,13869,5,0,11,13874,100.0%
Intel(R) Wireless-AC 9260 160MHz,22.40.0.7,Intel(R) Wireless-AC 9260 160MHz - 22.40.0.7,2,0,0,1,2,100.0%
Intel(R) Wireless-AC 9260 160MHz,22.250.1.2,Intel(R) Wireless-AC 9260 160MHz - 22.250.1.2,1748,0,0,2,1748,100.0%
Intel(R) Wireless-AC 9260 160MHz,22.220.0.4,Intel(R) Wireless-AC 9260 160MHz - 22.220.0.4,1439,0,0,1,1439,100.0%
Intel(R) Wireless-AC 9260 160MHz,22.180.0.4,Intel(R) Wireless-AC 9260 160MHz - 22.180.0.4,834,0,0,3,834,100.0%
Intel(R) Wireless-AC 9260 160MHz,22.140.0.3,Intel(R) Wireless-AC 9260 160MHz - 22.140.0.3,2,0,0,1,2,100.0%
Intel(R) Wireless-AC 9260 160MHz,21.50.1.1,Intel(R) Wireless-AC 9260 160MHz - 21.50.1.1,3008,0,0,3,3008,100.0%
Intel(R) Dual Band Wireless-AC 8265,22.30.0.11,Intel(R) Dual Band Wireless-AC 8265 - 22.30.0.11,2181,0,0,2,2181,100.0%
Intel(R) Wireless-AC 9260 160MHz,21.110.1.1,Intel(R) Wireless-AC 9260 160MHz - 21.110.1.1,1422,0,0,1,1422,100.0%
Intel(R) Wireless-AC 9260,20.70.0.100,Intel(R) Wireless-AC 9260 - 20.70.0.100,1025,0,0,1,1025,100.0%
Intel(R) Wi-Fi 7 BE200 320MHz,23.90.0.2,Intel(R) Wi-Fi 7 BE200 320MHz - 23.90.0.2,1857,0,0,3,1857,100.0%
Intel(R) Wi-Fi 6 AX200 160MHz,22.10.0.7,Intel(R) Wi-Fi 6 AX200 160MHz - 22.10.0.7,1091,0,0,1,1091,100.0%
Intel(R) Wi-Fi 6E AX211 160MHz,23.80.0.7,Intel(R) Wi-Fi 6E AX211 160MHz - 23.80.0.7,4399,0,0,5,4399,100.0%
Intel(R) Wi-Fi 6E AX211 160MHz,23.70.0.6,Intel(R) Wi-Fi 6E AX211 160MHz - 23.70.0.6,2662,0,0,4,2662,100.0%
Intel(R) Wi-Fi 6 AX200 160MHz,22.110.1.1,Intel(R) Wi-Fi 6 AX200 160MHz - 22.110.1.1,1227,0,0,2,1227,100.0%
Intel(R) Wi-Fi 6E AX211 160MHz,23.40.1.1,Intel(R) Wi-Fi 6E AX211 160MHz - 23.40.1.1,189,0,0,1,189,100.0%
Intel(R) Wi-Fi 6E AX211 160MHz,23.30.0.6,Intel(R) Wi-Fi 6E AX211 160MHz - 23.30.0.6,2905,0,0,3,2905,100.0%
Intel(R) Wi-Fi 6 AX200 160MHz,22.200.0.6,Intel(R) Wi-Fi 6 AX200 160MHz - 22.200.0.6,28,0,0,1,28,100.0%
Intel(R) Wi-Fi 6E AX211 160MHz,23.20.0.4,Intel(R) Wi-Fi 6E AX211 160MHz - 23.20.0.4,36,0,0,1,36,100.0%
Intel(R) Wi-Fi 6E AX211 160MHz,23.120.0.3,Intel(R) Wi-Fi 6E AX211 160MHz - 23.120.0.3,1468,0,0,4,1468,100.0%
Intel,20.70.30.1,20.70.30.1,77,0,0,1,77,100.0%
