Adapter,Driver,Adapter-Driver,Good Sum,Critical Sum,Warning Sum,Client Count,Total Sum,Good Roaming Calculation (%)
Intel(R) Wi-Fi 6E AX211 160MHz,23.40.0.4,Intel(R) Wi-Fi 6E AX211 160MHz - 23.40.0.4,5164,5,0,14,5169,99.9%
Intel(R) Dual Band Wireless-AC 8265,20.70.24.1,Intel(R) Dual Band Wireless-AC 8265 - 20.70.24.1,19371,22,0,17,19393,99.9%
Intel(R) Dual Band Wireless-AC 8265,20.30.1.2,Intel(R) Dual Band Wireless-AC 8265 - 20.30.1.2,1457,2,0,4,1459,99.9%
Intel(R) Wi-Fi 6E AX210 160MHz,23.90.0.2,Intel(R) Wi-Fi 6E AX210 160MHz - 23.90.0.2,1757,2,0,5,1759,99.9%
Intel(R) Wi-Fi 6E AX211 160MHz,22.230.0.8,Intel(R) Wi-Fi 6E AX211 160MHz - 22.230.0.8,17462,12,0,26,17474,99.9%
Intel(R) Wireless-AC 9560 160MHz,23.80.0.7,Intel(R) Wireless-AC 9560 160MHz - 23.80.0.7,31648,36,0,50,31684,99.9%
Intel(R) Dual Band Wireless-AC 8265,20.70.16.4,Intel(R) Dual Band Wireless-AC 8265 - 20.70.16.4,4372,5,0,7,4377,99.9%
Intel(R) Wi-Fi 6 AX200 160MHz,23.110.0.5,Intel(R) Wi-Fi 6 AX200 160MHz - 23.110.0.5,1663,1,0,4,1664,99.9%
Intel(R) Wi-Fi 6E AX211 160MHz,22.240.0.6,Intel(R) Wi-Fi 6E AX211 160MHz - 22.240.0.6,9180,5,0,12,9185,99.9%
Intel(R) Wireless-AC 9560 160MHz,22.50.0.7,Intel(R) Wireless-AC 9560 160MHz - 22.50.0.7,3814,4,0,5,3818,99.9%
Intel(R) Wireless-AC 9260 160MHz,23.100.0.4,Intel(R) Wireless-AC 9260 160MHz - 23.100.0.4,15122,21,0,12,15143,99.9%
Intel(R) Wi-Fi 6 AX200 160MHz,22.40.0.7,Intel(R) Wi-Fi 6 AX200 160MHz - 22.40.0.7,2912,2,0,5,2914,99.9%
Intel(R) Wi-Fi 6 AX201 160MHz,22.40.0.7,Intel(R) Wi-Fi 6 AX201 160MHz - 22.40.0.7,37575,28,0,58,37603,99.9%
Intel(R) Wireless-AC 9560 160MHz,22.40.0.7,Intel(R) Wireless-AC 9560 160MHz - 22.40.0.7,3198,3,0,3,3201,99.9%
Intel(R) Wireless-AC 9260 160MHz,22.220.0.4,Intel(R) Wireless-AC 9260 160MHz - 22.220.0.4,8481,8,0,6,8489,99.9%
Intel(R) Wireless-AC 9260 160MHz,22.240.0.6,Intel(R) Wireless-AC 9260 160MHz - 22.240.0.6,2861,2,0,2,2863,99.9%
Intel(R) Wireless-AC 9560 160MHz,22.160.0.4,Intel(R) Wireless-AC 9560 160MHz - 22.160.0.4,74553,67,0,67,74620,99.9%
Intel(R) Wireless-AC 9260 160MHz,22.250.1.2,Intel(R) Wireless-AC 9260 160MHz - 22.250.1.2,21051,27,0,16,21078,99.9%
Intel(R) Wi-Fi 6E AX210 160MHz,23.120.0.3,Intel(R) Wi-Fi 6E AX210 160MHz - 23.120.0.3,1173,1,0,6,1174,99.9%
Intel(R) Wireless-AC 9260 160MHz,22.90.0.5,Intel(R) Wireless-AC 9260 160MHz - 22.90.0.5,54932,70,0,44,55002,99.9%
Intel(R) Wi-Fi 6 AX201 160MHz,23.30.0.6,Intel(R) Wi-Fi 6 AX201 160MHz - 23.30.0.6,15763,10,0,41,15773,99.9%
Intel(R) Wi-Fi 6 AX201 160MHz,23.100.0.4,Intel(R) Wi-Fi 6 AX201 160MHz - 23.100.0.4,28379,15,0,24,28394,99.9%
Realtek RTL8852BE WiFi 6 802.11ax PCIe Adapter,6001.15.131.0,Realtek RTL8852BE WiFi 6 802.11ax PCIe Adapter - 6001.15.131.0,27738,21,0,24,27759,99.9%
Realtek RTL8852BE WiFi 6 802.11ax PCIe Adapter,6001.15.123.333,Realtek RTL8852BE WiFi 6 802.11ax PCIe Adapter - 6001.15.123.333,1438,2,0,1,1440,99.9%
Intel(R) Wi-Fi 6 AX201 160MHz,22.250.0.4,Intel(R) Wi-Fi 6 AX201 160MHz - 22.250.0.4,17643,10,0,27,17653,99.9%
Intel(R) Wi-Fi 6 AX201 160MHz,22.80.1.1,Intel(R) Wi-Fi 6 AX201 160MHz - 22.80.1.1,83647,44,0,74,83691,99.9%
Intel(R) Wi-Fi 6 AX201 160MHz,22.180.0.4,Intel(R) Wi-Fi 6 AX201 160MHz - 22.180.0.4,3672,4,0,4,3676,99.9%
MediaTek Wi-Fi 6 MT7921 Wireless LAN Card,3.0.1.1314,MediaTek Wi-Fi 6 MT7921 Wireless LAN Card - 3.0.1.1314,4377,3,0,7,4380,99.9%
Intel(R) Wi-Fi 6 AX201 160MHz,22.170.0.3,Intel(R) Wi-Fi 6 AX201 160MHz - 22.170.0.3,12689,18,0,16,12707,99.9%
Intel(R) Wi-Fi 6 AX201 160MHz,23.20.0.4,Intel(R) Wi-Fi 6 AX201 160MHz - 23.20.0.4,1647,1,0,3,1648,99.9%
Qualcomm FastConnect 6900 Wi-Fi 6E Dual Band Simultaneous (DBS) WiFiCx Network Adapter,2.0.0.1229,Qualcomm FastConnect 6900 Wi-Fi 6E Dual Band Simultaneous (DBS) WiFiCx Network Adapter - 2.0.0.1229,22608,19,0,29,22627,99.9%
Qualcomm FastConnect 6900 Wi-Fi 6E Dual Band Simultaneous (DBS) WDI Network Adapter,1.0.0.1633,Qualcomm FastConnect 6900 Wi-Fi 6E Dual Band Simultaneous (DBS) WDI Network Adapter - 1.0.0.1633,1175,1,0,1,1176,99.9%
Intel(R) Dual Band Wireless-AC 8265,20.70.3.3,Intel(R) Dual Band Wireless-AC 8265 - 20.70.3.3,4806,4,0,8,4810,99.9%
Intel(R) Wi-Fi 6 AX201 160MHz,22.190.0.4,Intel(R) Wi-Fi 6 AX201 160MHz - 22.190.0.4,8145,13,0,15,8158,99.8%
Intel(R) Wi-Fi 6 AX201 160MHz,22.100.1.1,Intel(R) Wi-Fi 6 AX201 160MHz - 22.100.1.1,5315,8,0,5,5323,99.8%
Intel(R) Wi-Fi 6 AX201 160MHz,22.10.0.7,Intel(R) Wi-Fi 6 AX201 160MHz - 22.10.0.7,30365,65,0,41,30430,99.8%
Intel(R) Wi-Fi 6 AX201 160MHz,22.250.1.2,Intel(R) Wi-Fi 6 AX201 160MHz - 22.250.1.2,15764,39,0,26,15803,99.8%
Intel(R) Wi-Fi 6 AX201 160MHz,21.110.1.1,Intel(R) Wi-Fi 6 AX201 160MHz - 21.110.1.1,71498,166,0,94,71664,99.8%
Intel(R) Wi-Fi 6 AX201 160MHz,22.30.0.11,Intel(R) Wi-Fi 6 AX201 160MHz - 22.30.0.11,16865,41,0,31,16906,99.8%
Intel(R) Dual Band Wireless-AC 8265,22.160.0.4,Intel(R) Dual Band Wireless-AC 8265 - 22.160.0.4,23407,38,0,18,23445,99.8%
Intel(R) Dual Band Wireless-AC 8265,20.70.26.2,Intel(R) Dual Band Wireless-AC 8265 - 20.70.26.2,1085,2,0,4,1087,99.8%
Intel(R) Wireless-AC 9462,22.70.0.6,Intel(R) Wireless-AC 9462 - 22.70.0.6,1432,3,0,1,1435,99.8%
Realtek RTL8852BE WiFi 6 802.11ax PCIe Adapter,6001.15.149.100,Realtek RTL8852BE WiFi 6 802.11ax PCIe Adapter - 6001.15.149.100,174219,314,0,155,174533,99.8%
Intel(R) Dual Band Wireless-AC 7265,19.51.15.3,Intel(R) Dual Band Wireless-AC 7265 - 19.51.15.3,4149,9,0,4,4158,99.8%
MediaTek Wi-Fi 6 MT7921 Wireless LAN Card,24.40.2.575,MediaTek Wi-Fi 6 MT7921 Wireless LAN Card - 24.40.2.575,12709,30,0,22,12739,99.8%
Intel(R) Wireless-AC 9260 160MHz,23.50.0.6,Intel(R) Wireless-AC 9260 160MHz - 23.50.0.6,7444,14,0,7,7458,99.8%
Intel(R) Wi-Fi 6 AX201 160MHz,22.60.1.2,Intel(R) Wi-Fi 6 AX201 160MHz - 22.60.1.2,8627,27,0,20,8654,99.7%
Realtek RTL8852BE WiFi 6 802.11ax PCIe Adapter,6001.15.123.320,Realtek RTL8852BE WiFi 6 802.11ax PCIe Adapter - 6001.15.123.320,1431,5,0,1,1436,99.7%
Intel(R) Wi-Fi 6 AX201 160MHz,22.230.0.8,Intel(R) Wi-Fi 6 AX201 160MHz - 22.230.0.8,13933,36,0,27,13969,99.7%
Realtek RTL8852AE WiFi 6 802.11ax PCIe Adapter,6001.10.356.1,Realtek RTL8852AE WiFi 6 802.11ax PCIe Adapter - 6001.10.356.1,45711,124,0,60,45835,99.7%
Intel(R) Wi-Fi 6 AX201 160MHz,22.20.0.6,Intel(R) Wi-Fi 6 AX201 160MHz - 22.20.0.6,13196,41,0,11,13237,99.7%
Intel(R) Dual Band Wireless-AC 7260,18.33.17.1,Intel(R) Dual Band Wireless-AC 7260 - 18.33.17.1,1435,5,0,1,1440,99.7%
Intel(R) Wi-Fi 6 AX201 160MHz,23.60.1.2,Intel(R) Wi-Fi 6 AX201 160MHz - 23.60.1.2,179741,539,0,358,180280,99.7%
Intel(R) Wi-Fi 6 AX201 160MHz,23.80.0.7,Intel(R) Wi-Fi 6 AX201 160MHz - 23.80.0.7,123186,431,0,235,123617,99.7%
Intel(R) Wi-Fi 6 AX201 160MHz,23.40.1.1,Intel(R) Wi-Fi 6 AX201 160MHz - 23.40.1.1,1775,5,0,3,1780,99.7%
Intel(R) Wi-Fi 6E AX211 160MHz,23.100.0.4,Intel(R) Wi-Fi 6E AX211 160MHz - 23.100.0.4,11223,31,0,10,11254,99.7%
Intel(R) Wireless-AC 9260 160MHz,22.30.0.11,Intel(R) Wireless-AC 9260 160MHz - 22.30.0.11,7798,24,0,7,7822,99.7%
Intel(R) Wi-Fi 6E AX211 160MHz,23.60.1.2,Intel(R) Wi-Fi 6E AX211 160MHz - 23.60.1.2,61641,183,0,143,61824,99.7%
Intel(R) Wireless-AC 9260 160MHz,22.170.0.3,Intel(R) Wireless-AC 9260 160MHz - 22.170.0.3,23435,74,0,18,23509,99.7%
Intel(R) Wi-Fi 6 AX201 160MHz,22.200.0.6,Intel(R) Wi-Fi 6 AX201 160MHz - 22.200.0.6,802,3,0,1,805,99.6%
Intel(R) Dual Band Wireless-AC 8265,20.70.30.1,Intel(R) Dual Band Wireless-AC 8265 - 20.70.30.1,42387,181,0,61,42568,99.6%
Intel(R) Wireless-AC 9260 160MHz,21.20.1.1,Intel(R) Wireless-AC 9260 160MHz - 21.20.1.1,492,2,0,2,494,99.6%
Intel(R) Wi-Fi 6 AX201 160MHz,22.240.0.6,Intel(R) Wi-Fi 6 AX201 160MHz - 22.240.0.6,25159,95,0,44,25254,99.6%
Intel(R) Wi-Fi 6 AX200 160MHz,22.250.1.2,Intel(R) Wi-Fi 6 AX200 160MHz - 22.250.1.2,3955,20,0,13,3975,99.5%
Intel(R) Wi-Fi 6 AX201 160MHz,21.110.2.1,Intel(R) Wi-Fi 6 AX201 160MHz - 21.110.2.1,181,1,0,1,182,99.5%
Linux,rtw89_8852be,rtw89_8852be,413,2,0,3,415,99.5%
Intel(R) Wi-Fi 6 AX200 160MHz,23.80.0.7,Intel(R) Wi-Fi 6 AX200 160MHz - 23.80.0.7,27294,134,0,61,27428,99.5%
Intel(R) Wi-Fi 6E AX211 160MHz,22.130.0.5,Intel(R) Wi-Fi 6E AX211 160MHz - 22.130.0.5,34566,157,0,85,34723,99.5%
Intel(R) Dual Band Wireless-AC 8265,20.70.32.1,Intel(R) Dual Band Wireless-AC 8265 - 20.70.32.1,10406,54,0,21,10460,99.5%
Intel(R) Dual Band Wireless-AC 8265,20.70.21.2,Intel(R) Dual Band Wireless-AC 8265 - 20.70.21.2,11503,52,0,21,11555,99.5%
Intel(R) Wi-Fi 6 AX201 160MHz,22.100.0.3,Intel(R) Wi-Fi 6 AX201 160MHz - 22.100.0.3,6348,31,0,14,6379,99.5%
Realtek 8821CE Wireless LAN 802.11ac PCI-E NIC,2024.10.139.3,Realtek 8821CE Wireless LAN 802.11ac PCI-E NIC - 2024.10.139.3,2022,12,0,3,2034,99.4%
Fi,16.0 (1657),Fi - 16.0 (1657),41238,240,0,93,41478,99.4%
MediaTek Wi-Fi 6 MT7921 Wireless LAN Card,23.32.2.560,MediaTek Wi-Fi 6 MT7921 Wireless LAN Card - 23.32.2.560,877,5,0,1,882,99.4%
Intel(R) Wi-Fi 6E AX211 160MHz,23.30.0.6,Intel(R) Wi-Fi 6E AX211 160MHz - 23.30.0.6,6619,43,0,5,6662,99.4%
Intel(R) Wi-Fi 6 AX201 160MHz,23.20.1.1,Intel(R) Wi-Fi 6 AX201 160MHz - 23.20.1.1,11070,82,0,26,11152,99.3%
Intel(R) Wi-Fi 6 AX201 160MHz,22.140.0.3,Intel(R) Wi-Fi 6 AX201 160MHz - 22.140.0.3,2679,19,0,5,2698,99.3%
Intel(R) Wi-Fi 6 AX201 160MHz,22.90.0.5,Intel(R) Wi-Fi 6 AX201 160MHz - 22.90.0.5,3462,26,0,2,3488,99.3%
Intel(R) Wi-Fi 7 BE200 320MHz,23.40.0.4,Intel(R) Wi-Fi 7 BE200 320MHz - 23.40.0.4,134,1,0,1,135,99.3%
Intel(R) Dual Band Wireless-AC 8265,20.70.27.1,Intel(R) Dual Band Wireless-AC 8265 - 20.70.27.1,9462,68,0,10,9530,99.3%
Intel(R) Dual Band Wireless-AC 7265,19.51.48.1,Intel(R) Dual Band Wireless-AC 7265 - 19.51.48.1,1153,8,0,4,1161,99.3%
Intel(R) Wi-Fi 6E AX211 160MHz,22.250.10.1,Intel(R) Wi-Fi 6E AX211 160MHz - 22.250.10.1,2990,22,0,13,3012,99.3%
Intel(R) Wi-Fi 6E AX211 160MHz,23.110.0.5,Intel(R) Wi-Fi 6E AX211 160MHz - 23.110.0.5,157058,1193,0,364,158251,99.2%
Intel(R) Wi-Fi 6 AX201 160MHz,22.200.2.1,Intel(R) Wi-Fi 6 AX201 160MHz - 22.200.2.1,28169,226,0,46,28395,99.2%
Intel(R) Dual Band Wireless-AC 7265,19.51.40.1,Intel(R) Dual Band Wireless-AC 7265 - 19.51.40.1,924,7,0,1,931,99.2%
Intel(R) Dual Band Wireless-AC 8260,20.70.3.3,Intel(R) Dual Band Wireless-AC 8260 - 20.70.3.3,31087,242,0,27,31329,99.2%
Intel(R) Wi-Fi 6 AX201 160MHz,23.110.0.5,Intel(R) Wi-Fi 6 AX201 160MHz - 23.110.0.5,28141,216,0,65,28357,99.2%
Intel(R) Wi-Fi 6E AX211 160MHz,22.170.2.1,Intel(R) Wi-Fi 6E AX211 160MHz - 22.170.2.1,74525,658,0,199,75183,99.1%
Intel(R) Wi-Fi 6 AX201 160MHz,22.160.0.4,Intel(R) Wi-Fi 6 AX201 160MHz - 22.160.0.4,14195,124,0,10,14319,99.1%
Realtek 8821CE Wireless LAN 802.11ac PCI-E NIC,2024.10.138.0,Realtek 8821CE Wireless LAN 802.11ac PCI-E NIC - 2024.10.138.0,1494,13,0,3,1507,99.1%
Intel(R) Wi-Fi 6 AX201 160MHz,22.110.1.1,Intel(R) Wi-Fi 6 AX201 160MHz - 22.110.1.1,62977,618,0,87,63595,99.0%
Intel(R) Dual Band Wireless-AC 8260,20.70.32.1,Intel(R) Dual Band Wireless-AC 8260 - 20.70.32.1,8767,96,0,10,8863,98.9%
Intel(R) Wi-Fi 6 AX201 160MHz,22.150.0.3,Intel(R) Wi-Fi 6 AX201 160MHz - 22.150.0.3,13561,150,0,15,13711,98.9%
Intel(R) Wi-Fi 6E AX211 160MHz,23.90.0.2,Intel(R) Wi-Fi 6E AX211 160MHz - 23.90.0.2,111781,1256,0,174,113037,98.9%
Intel(R) Wi-Fi 6 AX201 160MHz,22.130.0.5,Intel(R) Wi-Fi 6 AX201 160MHz - 22.130.0.5,22220,277,0,37,22497,98.8%
Intel(R) Wi-Fi 6 AX201 160MHz,23.40.0.4,Intel(R) Wi-Fi 6 AX201 160MHz - 23.40.0.4,58778,711,0,148,59489,98.8%
Intel(R) Wi-Fi 6 AX201 160MHz,22.160.0.3,Intel(R) Wi-Fi 6 AX201 160MHz - 22.160.0.3,66171,782,0,166,66953,98.8%
Intel(R) Dual Band Wireless-AC 8265,20.70.18.2,Intel(R) Dual Band Wireless-AC 8265 - 20.70.18.2,17011,211,0,19,17222,98.8%
Intel(R) Wi-Fi 6 AX201 160MHz,22.170.2.1,Intel(R) Wi-Fi 6 AX201 160MHz - 22.170.2.1,152625,1924,0,347,154549,98.8%
Intel(R) Wi-Fi 6 AX200 160MHz,23.40.0.4,Intel(R) Wi-Fi 6 AX200 160MHz - 23.40.0.4,1956,28,0,8,1984,98.6%
Linux,iwlwifi,iwlwifi,31036,479,0,26,31515,98.5%
Intel(R) Wi-Fi 6E AX211 160MHz,22.160.0.3,Intel(R) Wi-Fi 6E AX211 160MHz - 22.160.0.3,27531,443,0,37,27974,98.4%
Intel(R) Wi-Fi 6 AX201 160MHz,22.0.1.5,Intel(R) Wi-Fi 6 AX201 160MHz - 22.0.1.5,7351,129,0,7,7480,98.3%
Intel(R) Wireless-AC 9560 160MHz,22.80.0.9,Intel(R) Wireless-AC 9560 160MHz - 22.80.0.9,467,8,0,2,475,98.3%
Intel(R) Wi-Fi 6 AX201 160MHz,23.90.0.2,Intel(R) Wi-Fi 6 AX201 160MHz - 23.90.0.2,71627,1215,0,146,72842,98.3%
Intel(R) Dual Band Wireless-AC 7265,19.51.42.2,Intel(R) Dual Band Wireless-AC 7265 - 19.51.42.2,23456,448,0,29,23904,98.1%
Intel(R) Wi-Fi 6 AX201 160MHz,22.120.0.3,Intel(R) Wi-Fi 6 AX201 160MHz - 22.120.0.3,6005,133,0,9,6138,97.8%
Intel(R) Wi-Fi 6 AX200 160MHz,23.60.0.10,Intel(R) Wi-Fi 6 AX200 160MHz - 23.60.0.10,214,5,0,1,219,97.7%
Intel(R) Dual Band Wireless-AC 7260,17.15.0.5,Intel(R) Dual Band Wireless-AC 7260 - 17.15.0.5,6065,158,0,2,6223,97.5%
Intel(R) Wi-Fi 6E AX211 160MHz,22.200.2.1,Intel(R) Wi-Fi 6E AX211 160MHz - 22.200.2.1,24815,776,0,55,25591,97.0%
Intel(R) Wi-Fi 6 AX201 160MHz,22.60.0.6,Intel(R) Wi-Fi 6 AX201 160MHz - 22.60.0.6,61,2,0,1,63,96.8%
MediaTek MT7921 Wi-Fi 6 802.11ax PCIe Adapter,3.0.1.1297,MediaTek MT7921 Wi-Fi 6 802.11ax PCIe Adapter - 3.0.1.1297,1389,50,0,1,1439,96.5%
Intel(R) Wi-Fi 6 AX201 160MHz,22.220.1.1,Intel(R) Wi-Fi 6 AX201 160MHz - 22.220.1.1,2925,178,0,3,3103,94.3%
Intel(R) Wi-Fi 6 AX200 160MHz,22.60.0.6,Intel(R) Wi-Fi 6 AX200 160MHz - 22.60.0.6,943,69,0,3,1012,93.2%
Qualcomm FastConnect 6900 Wi-Fi 6E Dual Band Simultaneous (DBS) WiFiCx Network Adapter,2.0.0.1193,Qualcomm FastConnect 6900 Wi-Fi 6E Dual Band Simultaneous (DBS) WiFiCx Network Adapter - 2.0.0.1193,6765,520,0,13,7285,92.9%
Intel(R) Wi-Fi 6E AX211 160MHz,22.250.1.2,Intel(R) Wi-Fi 6E AX211 160MHz - 22.250.1.2,5461,456,0,11,5917,92.3%
Intel(R) Wi-Fi 6E AX211 160MHz,22.170.0.3,Intel(R) Wi-Fi 6E AX211 160MHz - 22.170.0.3,5059,487,0,4,5546,91.2%
Intel(R) Wi-Fi 6E AX211 160MHz,22.190.0.4,Intel(R) Wi-Fi 6E AX211 160MHz - 22.190.0.4,5841,649,0,12,6490,90.0%
Realtek RTL8852BE WiFi 6 802.11ax PCIe Adapter,6001.15.155.1,Realtek RTL8852BE WiFi 6 802.11ax PCIe Adapter - 6001.15.155.1,14602,2001,0,16,16603,87.9%
Intel(R) Wi-Fi 6 AX201 160MHz,22.160.3.2,Intel(R) Wi-Fi 6 AX201 160MHz - 22.160.3.2,42,10,0,2,52,80.8%
Intel(R) Wireless-AC 9560 160MHz,23.40.1.1,Intel(R) Wireless-AC 9560 160MHz - 23.40.1.1,13,5,0,1,18,72.2%
Killer(R) Wi-Fi 6 AX1650s 160MHz Wireless Network Adapter (201D2W),23.90.0.2,Killer(R) Wi-Fi 6 AX1650s 160MHz Wireless Network Adapter (201D2W) - 23.90.0.2,861,573,0,1,1434,60.0%
Intel(R) Dual Band Wireless-AC 8265,20.70.3.3,Intel(R) Dual Band Wireless-AC 8265 - 20.70.3.3,213,0,0,1,213,100.0%
Intel(R) Dual Band Wireless-AC 8265,20.70.25.2,Intel(R) Dual Band Wireless-AC 8265 - 20.70.25.2,7077,2,0,15,7079,100.0%
Intel(R) Wireless-AC 9560 160MHz,23.60.1.2,Intel(R) Wireless-AC 9560 160MHz - 23.60.1.2,11049,0,0,20,11049,100.0%
Intel(R) Dual Band Wireless-AC 8265,20.70.12.5,Intel(R) Dual Band Wireless-AC 8265 - 20.70.12.5,1438,0,0,1,1438,100.0%
Intel(R) Wireless-AC 9560 160MHz,23.110.0.5,Intel(R) Wireless-AC 9560 160MHz - 23.110.0.5,3134,0,0,4,3134,100.0%
Intel(R) Wireless-AC 9560 160MHz,23.90.0.2,Intel(R) Wireless-AC 9560 160MHz - 23.90.0.2,1443,0,0,2,1443,100.0%
Intel(R) Wireless-AC 9560 160MHz,23.20.1.1,Intel(R) Wireless-AC 9560 160MHz - 23.20.1.1,1466,0,0,2,1466,100.0%
Intel(R) Wireless-AC 9560 160MHz,23.30.0.6,Intel(R) Wireless-AC 9560 160MHz - 23.30.0.6,2779,1,0,6,2780,100.0%
Intel(R) Wireless-AC 9560 160MHz,22.80.1.1,Intel(R) Wireless-AC 9560 160MHz - 22.80.1.1,2878,0,0,2,2878,100.0%
Intel(R) Wireless-AC 9560 160MHz,22.230.0.8,Intel(R) Wireless-AC 9560 160MHz - 22.230.0.8,1920,0,0,3,1920,100.0%
Intel(R) Wireless-AC 9560 160MHz,22.30.0.11,Intel(R) Wireless-AC 9560 160MHz - 22.30.0.11,1785,0,0,3,1785,100.0%
Intel(R) Wireless-AC 9560 160MHz,22.250.1.2,Intel(R) Wireless-AC 9560 160MHz - 22.250.1.2,7515,0,0,7,7515,100.0%
Intel(R) Wireless-AC 9560 160MHz,21.120.0.9,Intel(R) Wireless-AC 9560 160MHz - 21.120.0.9,939,0,0,2,939,100.0%
Intel(R) Wireless-AC 9560 160MHz,21.20.1.1,Intel(R) Wireless-AC 9560 160MHz - 21.20.1.1,421,0,0,1,421,100.0%
Intel(R) Wireless-AC 9560 160MHz,21.30.3.2,Intel(R) Wireless-AC 9560 160MHz - 21.30.3.2,30676,0,0,26,30676,100.0%
Intel(R) Wireless-AC 9560 160MHz,21.40.2.2,Intel(R) Wireless-AC 9560 160MHz - 21.40.2.2,7192,0,0,5,7192,100.0%
Intel(R) Wireless-AC 9560 160MHz,21.50.1.1,Intel(R) Wireless-AC 9560 160MHz - 21.50.1.1,847,0,0,1,847,100.0%
Intel(R) Wireless-AC 9560 160MHz,21.70.0.6,Intel(R) Wireless-AC 9560 160MHz - 21.70.0.6,2,0,0,1,2,100.0%
Intel(R) Wireless-AC 9560 160MHz,21.80.2.1,Intel(R) Wireless-AC 9560 160MHz - 21.80.2.1,2182,0,0,4,2182,100.0%
Intel(R) Wireless-AC 9560 160MHz,21.90.1.2,Intel(R) Wireless-AC 9560 160MHz - 21.90.1.2,22346,0,0,17,22346,100.0%
Intel(R) Wireless-AC 9560 160MHz,22.10.0.7,Intel(R) Wireless-AC 9560 160MHz - 22.10.0.7,10540,0,0,9,10540,100.0%
Intel(R) Wireless-AC 9560 160MHz,22.120.0.3,Intel(R) Wireless-AC 9560 160MHz - 22.120.0.3,2738,0,0,2,2738,100.0%
Intel(R) Wireless-AC 9560 160MHz,22.130.0.5,Intel(R) Wireless-AC 9560 160MHz - 22.130.0.5,78,0,0,1,78,100.0%
Intel(R) Wireless-AC 9560 160MHz,22.140.0.3,Intel(R) Wireless-AC 9560 160MHz - 22.140.0.3,1437,0,0,1,1437,100.0%
Intel(R) Wireless-AC 9560 160MHz,22.150.0.3,Intel(R) Wireless-AC 9560 160MHz - 22.150.0.3,73,0,0,1,73,100.0%
Intel(R) Wireless-AC 9560 160MHz,22.150.1.1,Intel(R) Wireless-AC 9560 160MHz - 22.150.1.1,181,0,0,1,181,100.0%
Intel(R) Dual Band Wireless-AC 8265,20.70.8.1,Intel(R) Dual Band Wireless-AC 8265 - 20.70.8.1,2107,0,0,4,2107,100.0%
Intel(R) Wireless-AC 9560 160MHz,22.170.0.3,Intel(R) Wireless-AC 9560 160MHz - 22.170.0.3,3027,0,0,6,3027,100.0%
Intel(R) Wireless-AC 9560 160MHz,22.200.2.1,Intel(R) Wireless-AC 9560 160MHz - 22.200.2.1,979,0,0,3,979,100.0%
Intel(R) Dual Band Wireless-AC 8265,20.70.10.2,Intel(R) Dual Band Wireless-AC 8265 - 20.70.10.2,794,0,0,1,794,100.0%
Intel(R) Wireless-AC 9560 160MHz,22.240.0.6,Intel(R) Wireless-AC 9560 160MHz - 22.240.0.6,5889,0,0,6,5889,100.0%
Intel(R) Dual Band Wireless-AC 8265,20.70.11.3,Intel(R) Dual Band Wireless-AC 8265 - 20.70.11.3,9960,0,0,17,9960,100.0%
MediaTek Wi-Fi 6E MT7922 (RZ616) 160MHz PCIe Adapter,3.3.0.1030,MediaTek Wi-Fi 6E MT7922 (RZ616) 160MHz PCIe Adapter - 3.3.0.1030,361,0,0,1,361,100.0%
Intel Corporation Wi-Fi 5(802.11ac) Wireless-AC 9x6x [Thunder Peak] [8086:2526] (rev 29),iwlwifi,Intel Corporation Wi-Fi 5(802.11ac) Wireless-AC 9x6x [Thunder Peak] [8086:2526] (rev 29) - iwlwifi,1191,0,0,1,1191,100.0%
Intel Corporation Wireless-AC 9260 [8086:2526] (rev 29),iwlwifi,Intel Corporation Wireless-AC 9260 [8086:2526] (rev 29) - iwlwifi,1173,0,0,1,1173,100.0%
Qualcomm FastConnect 6900 Wi-Fi 6E Dual Band Simultaneous (DBS) WiFiCx Network Adapter,2.0.0.1152,Qualcomm FastConnect 6900 Wi-Fi 6E Dual Band Simultaneous (DBS) WiFiCx Network Adapter - 2.0.0.1152,140,0,0,1,140,100.0%
Intel(R) Dual Band Wireless-AC 8260,20.70.12.5,Intel(R) Dual Band Wireless-AC 8260 - 20.70.12.5,261,0,0,1,261,100.0%
Qualcomm FastConnect 6900 Wi-Fi 6E Dual Band Simultaneous (DBS) WiFiCx Network Adapter,2.0.0.1277,Qualcomm FastConnect 6900 Wi-Fi 6E Dual Band Simultaneous (DBS) WiFiCx Network Adapter - 2.0.0.1277,3306,0,0,6,3306,100.0%
Qualcomm QCA61x4A 802.11ac Wireless Adapter,12.0.0.1118,Qualcomm QCA61x4A 802.11ac Wireless Adapter - 12.0.0.1118,1436,0,0,1,1436,100.0%
Intel(R) Dual Band Wireless-AC 7265,19.51.29.1,Intel(R) Dual Band Wireless-AC 7265 - 19.51.29.1,1714,0,0,2,1714,100.0%
Realtek 8821CE Wireless LAN 802.11ac PCI-E NIC,2024.10.142.0,Realtek 8821CE Wireless LAN 802.11ac PCI-E NIC - 2024.10.142.0,11,0,0,1,11,100.0%
Realtek 8822CE Wireless LAN 802.11ac PCI-E NIC,2024.0.8.140,Realtek 8822CE Wireless LAN 802.11ac PCI-E NIC - 2024.0.8.140,998,0,0,1,998,100.0%
Realtek RTL8821CE 802.11ac PCIe Adapter,2024.0.10.209,Realtek RTL8821CE 802.11ac PCIe Adapter - 2024.0.10.209,45,0,0,1,45,100.0%
Realtek RTL8852AE WiFi 6 802.11ax PCIe Adapter,6001.10.353.0,Realtek RTL8852AE WiFi 6 802.11ax PCIe Adapter - 6001.10.353.0,1460,0,0,3,1460,100.0%
Intel(R) Dual Band Wireless-AC 3165,22.130.0.5,Intel(R) Dual Band Wireless-AC 3165 - 22.130.0.5,893,0,0,1,893,100.0%
Realtek RTL8852BE WiFi 6 802.11ax PCIe Adapter,6001.15.123.319,Realtek RTL8852BE WiFi 6 802.11ax PCIe Adapter - 6001.15.123.319,1194,0,0,1,1194,100.0%
Intel(R) Dual Band Wireless-AC 3160,18.33.17.1,Intel(R) Dual Band Wireless-AC 3160 - 18.33.17.1,2508,1,0,2,2509,100.0%
Intel(R) Centrino(R) Ultimate-N 6300 AGN,15.18.0.1,Intel(R) Centrino(R) Ultimate-N 6300 AGN - 15.18.0.1,1439,0,0,1,1439,100.0%
Intel,23.80.0.7,23.80.0.7,625,0,0,2,625,100.0%
Intel,23.40.1.1,23.40.1.1,1255,0,0,1,1255,100.0%
Qualcomm FastConnect 6900 Wi-Fi 6E Dual Band Simultaneous (DBS) WDI Network Adapter,1.0.0.1694,Qualcomm FastConnect 6900 Wi-Fi 6E Dual Band Simultaneous (DBS) WDI Network Adapter - 1.0.0.1694,7773,2,0,8,7775,100.0%
Qualcomm FastConnect 6900 Wi-Fi 6E Dual Band Simultaneous (DBS) WDI Network Adapter,1.0.0.1671,Qualcomm FastConnect 6900 Wi-Fi 6E Dual Band Simultaneous (DBS) WDI Network Adapter - 1.0.0.1671,130,0,0,1,130,100.0%
Intel(R) Dual Band Wireless-AC 8260,20.70.16.4,Intel(R) Dual Band Wireless-AC 8260 - 20.70.16.4,328,0,0,1,328,100.0%
MediaTek Wi-Fi 6E MT7922 (RZ616) 160MHz PCIe Adapter,3.4.0.1088,MediaTek Wi-Fi 6E MT7922 (RZ616) 160MHz PCIe Adapter - 3.4.0.1088,860,0,0,2,860,100.0%
Marvell AVASTAR Wireless-AC Network Controller,15.68.17022.122,Marvell AVASTAR Wireless-AC Network Controller - 15.68.17022.122,183,0,0,2,183,100.0%
MediaTek MT7921 Wi-Fi 6 802.11ax PCIe Adapter,3.0.1.1216,MediaTek MT7921 Wi-Fi 6 802.11ax PCIe Adapter - 3.0.1.1216,414,0,0,1,414,100.0%
Intel(R) Dual Band Wireless-AC 8260,22.60.0.6,Intel(R) Dual Band Wireless-AC 8260 - 22.60.0.6,1435,0,0,1,1435,100.0%
Intel(R) Dual Band Wireless-AC 8260,20.70.30.1,Intel(R) Dual Band Wireless-AC 8260 - 20.70.30.1,24137,6,0,23,24143,100.0%
Intel(R) Dual Band Wireless-AC 8260,20.70.27.1,Intel(R) Dual Band Wireless-AC 8260 - 20.70.27.1,1411,0,0,1,1411,100.0%
Intel(R) Wireless-AC 9560 160MHz,21.110.2.1,Intel(R) Wireless-AC 9560 160MHz - 21.110.2.1,76,0,0,1,76,100.0%
Intel(R) Dual Band Wireless-AC 8260,20.70.24.1,Intel(R) Dual Band Wireless-AC 8260 - 20.70.24.1,1438,0,0,1,1438,100.0%
NETGEAR A6100 WiFi Adapter,1030.25.701.2017,NETGEAR A6100 WiFi Adapter - 1030.25.701.2017,10874,0,0,8,10874,100.0%
Intel(R) Dual Band Wireless-AC 8260,20.70.21.2,Intel(R) Dual Band Wireless-AC 8260 - 20.70.21.2,195,0,0,1,195,100.0%
Intel(R) Dual Band Wireless-AC 8265,20.50.0.5,Intel(R) Dual Band Wireless-AC 8265 - 20.50.0.5,2117,0,0,3,2117,100.0%
Intel(R) Dual Band Wireless-AC 8260,20.70.18.2,Intel(R) Dual Band Wireless-AC 8260 - 20.70.18.2,1437,0,0,1,1437,100.0%
Intel(R) Wi-Fi 6 AX200 160MHz,21.10.2.2,Intel(R) Wi-Fi 6 AX200 160MHz - 21.10.2.2,853,0,0,1,853,100.0%
Intel(R) Wireless-AC 9560 160MHz,21.80.2.3,Intel(R) Wireless-AC 9560 160MHz - 21.80.2.3,502,0,0,1,502,100.0%
Qualcomm QCA9377 802.11ac Wireless Adapter,12.0.0.697,Qualcomm QCA9377 802.11ac Wireless Adapter - 12.0.0.697,1438,0,0,1,1438,100.0%
Intel(R) Wireless-AC 9560 160MHz,21.110.3.2,Intel(R) Wireless-AC 9560 160MHz - 21.110.3.2,5264,0,0,4,5264,100.0%
Intel(R) Wireless-AC 9560 160MHz,21.0.0.5,Intel(R) Wireless-AC 9560 160MHz - 21.0.0.5,1439,0,0,1,1439,100.0%
Intel(R) Wireless-AC 9560 160MHz,21.110.1.1,Intel(R) Wireless-AC 9560 160MHz - 21.110.1.1,24601,0,0,21,24601,100.0%
Intel(R) Wi-Fi 6 AX200 160MHz,23.20.1.1,Intel(R) Wi-Fi 6 AX200 160MHz - 23.20.1.1,46,0,0,1,46,100.0%
Intel(R) Wi-Fi 6E AX210 160MHz,23.20.1.1,Intel(R) Wi-Fi 6E AX210 160MHz - 23.20.1.1,180,0,0,1,180,100.0%
Intel(R) Wi-Fi 6E AX210 160MHz,23.40.0.4,Intel(R) Wi-Fi 6E AX210 160MHz - 23.40.0.4,425,0,0,1,425,100.0%
Intel(R) Wi-Fi 6E AX210 160MHz,23.60.1.2,Intel(R) Wi-Fi 6E AX210 160MHz - 23.60.1.2,1801,0,0,4,1801,100.0%
Intel(R) Wi-Fi 6E AX210 160MHz,23.80.0.7,Intel(R) Wi-Fi 6E AX210 160MHz - 23.80.0.7,1063,0,0,3,1063,100.0%
Intel(R) Wi-Fi 6E AX211 160MHz,22.110.1.1,Intel(R) Wi-Fi 6E AX211 160MHz - 22.110.1.1,308,0,0,1,308,100.0%
Intel(R) Wi-Fi 6 AX200 160MHz,23.30.0.6,Intel(R) Wi-Fi 6 AX200 160MHz - 23.30.0.6,296,0,0,2,296,100.0%
Intel,23.110.0.5,23.110.0.5,1915,0,0,7,1915,100.0%
Intel(R) Wi-Fi 6 AX200 160MHz,23.120.0.3,Intel(R) Wi-Fi 6 AX200 160MHz - 23.120.0.3,2,0,0,2,2,100.0%
Intel(R) Wi-Fi 6E AX210 160MHz,23.110.0.5,Intel(R) Wi-Fi 6E AX210 160MHz - 23.110.0.5,4026,1,0,8,4027,100.0%
Intel(R) Wi-Fi 6 AX200 160MHz,22.70.0.6,Intel(R) Wi-Fi 6 AX200 160MHz - 22.70.0.6,1676,0,0,4,1676,100.0%
Intel(R) Wi-Fi 6E AX211 160MHz,22.250.0.4,Intel(R) Wi-Fi 6E AX211 160MHz - 22.250.0.4,19069,9,0,33,19078,100.0%
Intel(R) Wi-Fi 6E AX211 160MHz,23.10.0.8,Intel(R) Wi-Fi 6E AX211 160MHz - 23.10.0.8,7353,0,0,7,7353,100.0%
Intel(R) Wi-Fi 6 AX200 160MHz,22.30.0.11,Intel(R) Wi-Fi 6 AX200 160MHz - 22.30.0.11,73,0,0,1,73,100.0%
Intel(R) Wi-Fi 6 AX200 160MHz,22.240.0.6,Intel(R) Wi-Fi 6 AX200 160MHz - 22.240.0.6,2551,0,0,8,2551,100.0%
Intel(R) Wi-Fi 6E AX211 160MHz,23.120.0.3,Intel(R) Wi-Fi 6E AX211 160MHz - 23.120.0.3,842,0,0,2,842,100.0%
Intel(R) Wi-Fi 6E AX211 160MHz,23.20.0.4,Intel(R) Wi-Fi 6E AX211 160MHz - 23.20.0.4,81,0,0,1,81,100.0%
Intel(R) Wi-Fi 6 AX200 160MHz,23.60.1.2,Intel(R) Wi-Fi 6 AX200 160MHz - 23.60.1.2,10389,3,0,20,10392,100.0%
Intel(R) Wi-Fi 6E AX210 160MHz,22.80.0.9,Intel(R) Wi-Fi 6E AX210 160MHz - 22.80.0.9,15,0,0,1,15,100.0%
Intel(R) Wireless-AC 9560 160MHz,21.10.1.2,Intel(R) Wireless-AC 9560 160MHz - 21.10.1.2,28405,0,0,23,28405,100.0%
Intel(R) Wi-Fi 6 AX201 160MHz,22.0.0.6,Intel(R) Wi-Fi 6 AX201 160MHz - 22.0.0.6,79361,15,0,76,79376,100.0%
Intel(R) Wi-Fi 6 AX201 160MHz,22.70.0.6,Intel(R) Wi-Fi 6 AX201 160MHz - 22.70.0.6,4286,0,0,8,4286,100.0%
Intel(R) Wi-Fi 6 AX201 160MHz,22.80.0.9,Intel(R) Wi-Fi 6 AX201 160MHz - 22.80.0.9,1053,0,0,1,1053,100.0%
Intel(R) Wi-Fi 6 AX201 160MHz,22.220.0.4,Intel(R) Wi-Fi 6 AX201 160MHz - 22.220.0.4,8510,0,0,7,8510,100.0%
Intel(R) Wi-Fi 6 AX201 160MHz,23.10.0.8,Intel(R) Wi-Fi 6 AX201 160MHz - 23.10.0.8,2498,1,0,3,2499,100.0%
Intel(R) Wi-Fi 6 AX201 160MHz,22.150.1.1,Intel(R) Wi-Fi 6 AX201 160MHz - 22.150.1.1,1439,0,0,1,1439,100.0%
Intel(R) Wi-Fi 6 AX201 160MHz,23.120.0.3,Intel(R) Wi-Fi 6 AX201 160MHz - 23.120.0.3,3824,0,0,6,3824,100.0%
Intel(R) Wi-Fi 6 AX201 160MHz,22.0.1.1,Intel(R) Wi-Fi 6 AX201 160MHz - 22.0.1.1,25790,3,0,43,25793,100.0%
Intel(R) Wi-Fi 6 AX201 160MHz,21.90.2.1,Intel(R) Wi-Fi 6 AX201 160MHz - 21.90.2.1,26782,0,0,25,26782,100.0%
Intel(R) Wi-Fi 6E AX210 160MHz,22.250.1.2,Intel(R) Wi-Fi 6E AX210 160MHz - 22.250.1.2,62,0,0,1,62,100.0%
Intel(R) Wi-Fi 6 AX201 160MHz,21.80.2.1,Intel(R) Wi-Fi 6 AX201 160MHz - 21.80.2.1,5160,0,0,14,5160,100.0%
Intel(R) Wi-Fi 6 AX201 160MHz,23.50.0.6,Intel(R) Wi-Fi 6 AX201 160MHz - 23.50.0.6,4606,1,0,5,4607,100.0%
Intel(R) Wi-Fi 6 AX201 160MHz,23.60.0.10,Intel(R) Wi-Fi 6 AX201 160MHz - 23.60.0.10,984,0,0,1,984,100.0%
Intel(R) Wi-Fi 6 AX201 160MHz,21.110.3.2,Intel(R) Wi-Fi 6 AX201 160MHz - 21.110.3.2,3270,0,0,6,3270,100.0%
Intel(R) Wi-Fi 6 AX200 160MHz,23.90.0.2,Intel(R) Wi-Fi 6 AX200 160MHz - 23.90.0.2,1680,0,0,2,1680,100.0%
Intel(R) Wi-Fi 6 AX201 160MHz,23.80.1.3,Intel(R) Wi-Fi 6 AX201 160MHz - 23.80.1.3,7323,0,0,7,7323,100.0%
Intel(R) Wi-Fi 6E AX210 160MHz,22.130.0.5,Intel(R) Wi-Fi 6E AX210 160MHz - 22.130.0.5,1019,0,0,1,1019,100.0%
Intel(R) Wi-Fi 6E AX211 160MHz,23.20.1.1,Intel(R) Wi-Fi 6E AX211 160MHz - 23.20.1.1,18684,3,0,38,18687,100.0%
Intel(R) Wi-Fi 6 AX200 160MHz,22.220.0.4,Intel(R) Wi-Fi 6 AX200 160MHz - 22.220.0.4,1256,0,0,1,1256,100.0%
Intel(R) Wi-Fi 6 AX200 160MHz,22.200.0.6,Intel(R) Wi-Fi 6 AX200 160MHz - 22.200.0.6,195,0,0,2,195,100.0%
Intel(R) Dual Band Wireless-AC 8265,22.130.0.5,Intel(R) Dual Band Wireless-AC 8265 - 22.130.0.5,6476,0,0,7,6476,100.0%
Intel(R) Wi-Fi 6 AX200 160MHz,21.20.1.1,Intel(R) Wi-Fi 6 AX200 160MHz - 21.20.1.1,1141,0,0,1,1141,100.0%
Intel(R) Wi-Fi 6 AX200 160MHz,21.120.0.9,Intel(R) Wi-Fi 6 AX200 160MHz - 21.120.0.9,1530,0,0,2,1530,100.0%
Intel(R) Wireless-AC 9260 160MHz,22.40.0.7,Intel(R) Wireless-AC 9260 160MHz - 22.40.0.7,2,0,0,1,2,100.0%
Intel(R) Wi-Fi 6 AX200 160MHz,21.110.1.1,Intel(R) Wi-Fi 6 AX200 160MHz - 21.110.1.1,14103,2,0,35,14105,100.0%
Intel(R) Dual Band Wireless-AC 8265,22.30.0.11,Intel(R) Dual Band Wireless-AC 8265 - 22.30.0.11,2182,0,0,2,2182,100.0%
Intel(R) Wireless-AC 9260 160MHz,23.110.0.5,Intel(R) Wireless-AC 9260 160MHz - 23.110.0.5,93,0,0,1,93,100.0%
Intel(R) Wireless-AC 9260 160MHz,23.120.0.3,Intel(R) Wireless-AC 9260 160MHz - 23.120.0.3,2328,0,0,3,2328,100.0%
Intel(R) Wireless-AC 9260 160MHz,23.80.0.7,Intel(R) Wireless-AC 9260 160MHz - 23.80.0.7,1004,0,0,1,1004,100.0%
Intel(R) Wi-Fi 6E AX211 160MHz,23.40.1.1,Intel(R) Wi-Fi 6E AX211 160MHz - 23.40.1.1,377,0,0,2,377,100.0%
Intel(R) Dual Band Wireless-AC 8265,22.0.1.1,Intel(R) Dual Band Wireless-AC 8265 - 22.0.1.1,1212,0,0,1,1212,100.0%
Intel(R) Wireless-AC 9560,20.40.0.4,Intel(R) Wireless-AC 9560 - 20.40.0.4,1439,0,0,1,1439,100.0%
Intel(R) Wireless-AC 9560,20.90.0.7,Intel(R) Wireless-AC 9560 - 20.90.0.7,3748,0,0,3,3748,100.0%
Intel(R) Wireless-AC 9560 160MHz,20.100.0.4,Intel(R) Wireless-AC 9560 160MHz - 20.100.0.4,2984,0,0,3,2984,100.0%
Intel(R) Wi-Fi 6 AX201 160MHz,22.250.10.1,Intel(R) Wi-Fi 6 AX201 160MHz - 22.250.10.1,6919,3,0,11,6922,100.0%
Intel(R) Wireless-AC 9560 160MHz,21.0.1.1,Intel(R) Wireless-AC 9560 160MHz - 21.0.1.1,7675,0,0,6,7675,100.0%
Intel(R) Wireless-AC 9560 160MHz,21.10.0.5,Intel(R) Wireless-AC 9560 160MHz - 21.10.0.5,2157,0,0,5,2157,100.0%
Intel(R) Wi-Fi 6 AX200 160MHz,21.40.2.2,Intel(R) Wi-Fi 6 AX200 160MHz - 21.40.2.2,3206,0,0,7,3206,100.0%
Intel(R) Wi-Fi 6 AX200 160MHz,21.60.0.5,Intel(R) Wi-Fi 6 AX200 160MHz - 21.60.0.5,5073,2,0,15,5075,100.0%
Intel(R) Wireless-AC 9260 160MHz,22.180.0.4,Intel(R) Wireless-AC 9260 160MHz - 22.180.0.4,80,0,0,1,80,100.0%
Intel(R) Wi-Fi 6 AX200 160MHz,21.80.2.1,Intel(R) Wi-Fi 6 AX200 160MHz - 21.80.2.1,283,0,0,1,283,100.0%
Intel(R) Wi-Fi 6 AX200 160MHz,22.140.0.3,Intel(R) Wi-Fi 6 AX200 160MHz - 22.140.0.3,4583,0,0,8,4583,100.0%
Intel(R) Wi-Fi 6E AX211 160MHz,23.70.0.6,Intel(R) Wi-Fi 6E AX211 160MHz - 23.70.0.6,1570,0,0,3,1570,100.0%
Intel(R) Wi-Fi 6E AX211 160MHz,23.80.0.7,Intel(R) Wi-Fi 6E AX211 160MHz - 23.80.0.7,5913,2,0,20,5915,100.0%
Intel(R) Wi-Fi 6E AX211 160MHz,23.80.1.3,Intel(R) Wi-Fi 6E AX211 160MHz - 23.80.1.3,305,0,0,4,305,100.0%
Intel(R) Wi-Fi 6 AX200 160MHz,22.110.1.1,Intel(R) Wi-Fi 6 AX200 160MHz - 22.110.1.1,1481,0,0,4,1481,100.0%
Intel(R) Wi-Fi 6E AX211 160MHz,23.90.1.3,Intel(R) Wi-Fi 6E AX211 160MHz - 23.90.1.3,60,0,0,1,60,100.0%
Intel(R) Wi-Fi 6 AX200 160MHz,22.10.0.7,Intel(R) Wi-Fi 6 AX200 160MHz - 22.10.0.7,1884,0,0,3,1884,100.0%
Intel(R) Wi-Fi 7 BE200 320MHz,23.90.0.2,Intel(R) Wi-Fi 7 BE200 320MHz - 23.90.0.2,1960,0,0,4,1960,100.0%
Intel(R) Wireless-AC 9260,20.70.0.100,Intel(R) Wireless-AC 9260 - 20.70.0.100,1026,0,0,1,1026,100.0%
Intel(R) Wireless-AC 9260 160MHz,20.120.0.100,Intel(R) Wireless-AC 9260 160MHz - 20.120.0.100,79,0,0,1,79,100.0%
Intel(R) Wireless-AC 9260 160MHz,21.110.1.1,Intel(R) Wireless-AC 9260 160MHz - 21.110.1.1,698,0,0,3,698,100.0%
Intel(R) Wi-Fi 6 AX200 160MHz,22.0.1.1,Intel(R) Wi-Fi 6 AX200 160MHz - 22.0.1.1,649,0,0,1,649,100.0%
Intel(R) Wireless-AC 9260 160MHz,21.50.1.1,Intel(R) Wireless-AC 9260 160MHz - 21.50.1.1,3006,0,0,3,3006,100.0%
Intel(R) Wireless-AC 9260 160MHz,22.120.0.3,Intel(R) Wireless-AC 9260 160MHz - 22.120.0.3,2876,1,0,2,2877,100.0%
Intel(R) Wireless-AC 9260 160MHz,22.160.0.4,Intel(R) Wireless-AC 9260 160MHz - 22.160.0.4,1438,0,0,1,1438,100.0%
Intel,21.110.1.1,21.110.1.1,1293,0,0,1,1293,100.0%
