Adapter,Driver,Adapter-Driver,Good Sum,Critical Sum,Warning Sum,Client Count,Total Sum,Good Roaming Calculation (%)
Intel(R) Dual Band Wireless-AC 3160,18.33.17.1,Intel(R) Dual Band Wireless-AC 3160 - 18.33.17.1,1421,1,0,1,1422,99.9%
Intel(R) Wi-Fi 6 AX200 160MHz,23.40.0.4,Intel(R) Wi-Fi 6 AX200 160MHz - 23.40.0.4,9549,5,0,12,9554,99.9%
Intel(R) Wi-Fi 6 AX201 160MHz,22.0.0.6,Intel(R) Wi-Fi 6 AX201 160MHz - 22.0.0.6,12051,14,0,13,12065,99.9%
Intel(R) Wi-Fi 6 AX201 160MHz,22.10.0.7,Intel(R) Wi-Fi 6 AX201 160MHz - 22.10.0.7,9794,7,0,35,9801,99.9%
Intel(R) Wi-Fi 6 AX201 160MHz,22.150.0.3,Intel(R) Wi-Fi 6 AX201 160MHz - 22.150.0.3,3687,2,0,16,3689,99.9%
Intel(R) Wi-Fi 6 AX201 160MHz,22.150.1.1,Intel(R) Wi-Fi 6 AX201 160MHz - 22.150.1.1,2606,2,0,2,2608,99.9%
Intel(R) Wi-Fi 6 AX201 160MHz,22.200.0.6,Intel(R) Wi-Fi 6 AX201 160MHz - 22.200.0.6,3014,3,0,3,3017,99.9%
Intel(R) Wi-Fi 6 AX201 160MHz,22.200.2.1,Intel(R) Wi-Fi 6 AX201 160MHz - 22.200.2.1,15438,20,0,32,15458,99.9%
Intel(R) Wi-Fi 6 AX201 160MHz,22.250.10.1,Intel(R) Wi-Fi 6 AX201 160MHz - 22.250.10.1,3122,4,0,5,3126,99.9%
Intel(R) Wi-Fi 6 AX201 160MHz,22.40.0.7,Intel(R) Wi-Fi 6 AX201 160MHz - 22.40.0.7,31054,30,0,152,31084,99.9%
Intel(R) Wi-Fi 6 AX201 160MHz,23.10.0.8,Intel(R) Wi-Fi 6 AX201 160MHz - 23.10.0.8,1525,1,0,3,1526,99.9%
Intel(R) Wi-Fi 6 AX201 160MHz,23.100.0.4,Intel(R) Wi-Fi 6 AX201 160MHz - 23.100.0.4,5524,6,0,4,5530,99.9%
Intel(R) Wi-Fi 6 AX201 160MHz,23.20.1.1,Intel(R) Wi-Fi 6 AX201 160MHz - 23.20.1.1,8096,5,0,18,8101,99.9%
Intel(R) Wi-Fi 6 AX201 160MHz,23.30.0.6,Intel(R) Wi-Fi 6 AX201 160MHz - 23.30.0.6,12853,9,0,32,12862,99.9%
Intel(R) Wi-Fi 6E AX210 160MHz,23.60.1.2,Intel(R) Wi-Fi 6E AX210 160MHz - 23.60.1.2,2213,2,0,3,2215,99.9%
Intel(R) Wi-Fi 6E AX211 160MHz,22.250.0.4,Intel(R) Wi-Fi 6E AX211 160MHz - 22.250.0.4,3025,2,0,7,3027,99.9%
Intel(R) Wi-Fi 6E AX211 160MHz,23.30.0.6,Intel(R) Wi-Fi 6E AX211 160MHz - 23.30.0.6,3265,3,0,4,3268,99.9%
Intel(R) Wi-Fi 6E AX211 160MHz,23.60.1.2,Intel(R) Wi-Fi 6E AX211 160MHz - 23.60.1.2,39567,30,0,77,39597,99.9%
Intel(R) Wi-Fi 6E AX211 160MHz,23.80.1.3,Intel(R) Wi-Fi 6E AX211 160MHz - 23.80.1.3,936,1,0,4,937,99.9%
Intel(R) Wireless-AC 9560 160MHz,22.240.0.6,Intel(R) Wireless-AC 9560 160MHz - 22.240.0.6,1432,2,0,1,1434,99.9%
Intel(R) Wireless-AC 9560 160MHz,23.30.0.6,Intel(R) Wireless-AC 9560 160MHz - 23.30.0.6,1609,2,0,3,1611,99.9%
Intel(R) Wireless-AC 9560 160MHz,23.40.0.4,Intel(R) Wireless-AC 9560 160MHz - 23.40.0.4,41686,22,0,30,41708,99.9%
MediaTek Wi-Fi 6E MT7922 (RZ616) 160MHz PCIe Adapter,3.3.0.908,MediaTek Wi-Fi 6E MT7922 (RZ616) 160MHz PCIe Adapter - 3.3.0.908,1524,1,0,1,1525,99.9%
Intel(R) Dual Band Wireless-AC 7265,19.51.15.3,Intel(R) Dual Band Wireless-AC 7265 - 19.51.15.3,5722,3,0,4,5725,99.9%
Qualcomm QCA61x4A 802.11ac Wireless Adapter,12.0.0.1118,Qualcomm QCA61x4A 802.11ac Wireless Adapter - 12.0.0.1118,6398,8,0,2,6406,99.9%
Intel(R) Wi-Fi 6 AX200 160MHz,23.60.0.10,Intel(R) Wi-Fi 6 AX200 160MHz - 23.60.0.10,1285,1,0,5,1286,99.9%
Intel(R) Wi-Fi 6 AX201 160MHz,23.80.1.3,Intel(R) Wi-Fi 6 AX201 160MHz - 23.80.1.3,3370,4,0,3,3374,99.9%
Fi,16.0 (1657),Fi - 16.0 (1657),21725,30,0,63,21755,99.9%
Intel(R) Dual Band Wireless-AC 7265,19.51.40.1,Intel(R) Dual Band Wireless-AC 7265 - 19.51.40.1,2807,2,0,2,2809,99.9%
Intel(R) Wi-Fi 6 AX201 160MHz,21.110.1.1,Intel(R) Wi-Fi 6 AX201 160MHz - 21.110.1.1,46019,82,0,35,46101,99.8%
Intel(R) Wi-Fi 6 AX201 160MHz,22.20.0.6,Intel(R) Wi-Fi 6 AX201 160MHz - 22.20.0.6,11836,22,0,9,11858,99.8%
Realtek RTL8852BE WiFi 6 802.11ax PCIe Adapter,6001.15.123.333,Realtek RTL8852BE WiFi 6 802.11ax PCIe Adapter - 6001.15.123.333,1434,3,0,1,1437,99.8%
Intel(R) Dual Band Wireless-AC 8260,20.70.2.1,Intel(R) Dual Band Wireless-AC 8260 - 20.70.2.1,3680,7,0,3,3687,99.8%
Intel(R) Dual Band Wireless-AC 8260,20.70.12.5,Intel(R) Dual Band Wireless-AC 8260 - 20.70.12.5,2398,4,0,2,2402,99.8%
Intel(R) Wireless-AC 9560 160MHz,22.200.2.1,Intel(R) Wireless-AC 9560 160MHz - 22.200.2.1,1437,3,0,2,1440,99.8%
Intel(R) Wi-Fi 6 AX201 160MHz,23.80.0.7,Intel(R) Wi-Fi 6 AX201 160MHz - 23.80.0.7,41395,72,0,103,41467,99.8%
Intel(R) Wi-Fi 6 AX201 160MHz,22.100.0.3,Intel(R) Wi-Fi 6 AX201 160MHz - 22.100.0.3,7068,11,0,3,7079,99.8%
Intel(R) Wi-Fi 6E AX210 160MHz,22.150.0.3,Intel(R) Wi-Fi 6E AX210 160MHz - 22.150.0.3,1434,3,0,1,1437,99.8%
Intel(R) Wi-Fi 6 AX201 160MHz,23.110.0.5,Intel(R) Wi-Fi 6 AX201 160MHz - 23.110.0.5,14665,46,0,39,14711,99.7%
Intel(R) Wi-Fi 6 AX201 160MHz,23.120.0.3,Intel(R) Wi-Fi 6 AX201 160MHz - 23.120.0.3,10299,26,0,32,10325,99.7%
Intel(R) Wi-Fi 6 AX201 160MHz,23.60.1.2,Intel(R) Wi-Fi 6 AX201 160MHz - 23.60.1.2,90825,286,0,175,91111,99.7%
Intel(R) Dual Band Wireless-AC 8260,20.70.23.1,Intel(R) Dual Band Wireless-AC 8260 - 20.70.23.1,13766,43,0,11,13809,99.7%
Intel(R) Wi-Fi 6E AX211 160MHz,22.170.0.3,Intel(R) Wi-Fi 6E AX211 160MHz - 22.170.0.3,5616,15,0,4,5631,99.7%
Intel(R) Wi-Fi 6 AX201 160MHz,22.230.0.8,Intel(R) Wi-Fi 6 AX201 160MHz - 22.230.0.8,3402,9,0,4,3411,99.7%
Intel(R) Wi-Fi 6E AX211 160MHz,23.110.0.5,Intel(R) Wi-Fi 6E AX211 160MHz - 23.110.0.5,51184,151,0,134,51335,99.7%
Intel(R) Wi-Fi 6E AX211 160MHz,22.240.0.6,Intel(R) Wi-Fi 6E AX211 160MHz - 22.240.0.6,1315,4,0,3,1319,99.7%
Realtek RTL8852BE WiFi 6 802.11ax PCIe Adapter,6001.15.123.320,Realtek RTL8852BE WiFi 6 802.11ax PCIe Adapter - 6001.15.123.320,1430,5,0,1,1435,99.7%
Intel(R) Wi-Fi 6E AX210 160MHz,23.110.0.5,Intel(R) Wi-Fi 6E AX210 160MHz - 23.110.0.5,457,2,0,3,459,99.6%
Killer(R) Wi-Fi 6 AX1650s 160MHz Wireless Network Adapter (201D2W),23.90.0.2,Killer(R) Wi-Fi 6 AX1650s 160MHz Wireless Network Adapter (201D2W) - 23.90.0.2,1328,6,0,5,1334,99.6%
Intel(R) Dual Band Wireless-AC 8260,20.10.0.6,Intel(R) Dual Band Wireless-AC 8260 - 20.10.0.6,1429,6,0,1,1435,99.6%
Intel(R) Wireless-AC 9560 160MHz,22.250.1.2,Intel(R) Wireless-AC 9560 160MHz - 22.250.1.2,27080,105,0,19,27185,99.6%
Intel(R) Wi-Fi 6E AX211 160MHz,22.190.0.4,Intel(R) Wi-Fi 6E AX211 160MHz - 22.190.0.4,370,2,0,4,372,99.5%
Intel(R) Wi-Fi 6E AX211 160MHz,23.80.0.7,Intel(R) Wi-Fi 6E AX211 160MHz - 23.80.0.7,995,5,0,7,1000,99.5%
Intel(R) Wireless-AC 9462,22.70.0.6,Intel(R) Wireless-AC 9462 - 22.70.0.6,1432,7,0,1,1439,99.5%
Intel(R) Wi-Fi 6 AX200 160MHz,23.90.0.2,Intel(R) Wi-Fi 6 AX200 160MHz - 23.90.0.2,112252,563,0,82,112815,99.5%
Intel(R) Wi-Fi 6 AX201 160MHz,22.250.1.2,Intel(R) Wi-Fi 6 AX201 160MHz - 22.250.1.2,2803,18,0,4,2821,99.4%
Intel(R) Dual Band Wireless-AC 8265,20.70.19.1,Intel(R) Dual Band Wireless-AC 8265 - 20.70.19.1,1038,6,0,1,1044,99.4%
Intel(R) Dual Band Wireless-AC 8265,20.70.27.1,Intel(R) Dual Band Wireless-AC 8265 - 20.70.27.1,4225,27,0,3,4252,99.4%
Intel(R) Wi-Fi 6 AX201 160MHz,23.90.0.2,Intel(R) Wi-Fi 6 AX201 160MHz - 23.90.0.2,143951,880,0,184,144831,99.4%
Intel(R) Wi-Fi 6 AX200 160MHz,23.60.1.2,Intel(R) Wi-Fi 6 AX200 160MHz - 23.60.1.2,2956,20,0,3,2976,99.3%
Intel(R) Wi-Fi 6E AX211 160MHz,23.90.0.2,Intel(R) Wi-Fi 6E AX211 160MHz - 23.90.0.2,62811,496,0,113,63307,99.2%
Intel(R) Wi-Fi 6 AX201 160MHz,21.70.0.6,Intel(R) Wi-Fi 6 AX201 160MHz - 21.70.0.6,226,2,0,1,228,99.1%
Intel(R) Wi-Fi 6 AX201 160MHz,22.240.0.6,Intel(R) Wi-Fi 6 AX201 160MHz - 22.240.0.6,893,8,0,10,901,99.1%
Intel(R) Wi-Fi 6E AX210 160MHz,22.230.0.8,Intel(R) Wi-Fi 6E AX210 160MHz - 22.230.0.8,1421,15,0,1,1436,99.0%
Intel(R) Wi-Fi 6 AX201 160MHz,22.80.0.9,Intel(R) Wi-Fi 6 AX201 160MHz - 22.80.0.9,536,6,0,1,542,98.9%
Intel(R) Wi-Fi 6E AX210 160MHz,22.250.1.2,Intel(R) Wi-Fi 6E AX210 160MHz - 22.250.1.2,176,2,0,1,178,98.9%
Intel(R) Wireless-AC 9260 160MHz,23.40.0.4,Intel(R) Wireless-AC 9260 160MHz - 23.40.0.4,1417,18,0,1,1435,98.7%
Intel(R) Dual Band Wireless-AC 8265,20.70.18.2,Intel(R) Dual Band Wireless-AC 8265 - 20.70.18.2,13823,181,0,19,14004,98.7%
Intel(R) Wi-Fi 6 AX200 160MHz,21.50.1.1,Intel(R) Wi-Fi 6 AX200 160MHz - 21.50.1.1,354,5,0,1,359,98.6%
Intel(R) Wi-Fi 6E AX211 160MHz,22.220.1.1,Intel(R) Wi-Fi 6E AX211 160MHz - 22.220.1.1,44754,616,0,36,45370,98.6%
Intel(R) Wi-Fi 6 AX201 160MHz,22.190.0.4,Intel(R) Wi-Fi 6 AX201 160MHz - 22.190.0.4,4886,76,0,12,4962,98.5%
Intel(R) Wi-Fi 6 AX200 160MHz,23.80.0.7,Intel(R) Wi-Fi 6 AX200 160MHz - 23.80.0.7,19525,406,0,34,19931,98.0%
Intel(R) Wi-Fi 6E AX211 160MHz,23.40.0.4,Intel(R) Wi-Fi 6E AX211 160MHz - 23.40.0.4,128,3,0,2,131,97.7%
Intel(R) Dual Band Wireless-AC 8260,20.70.18.2,Intel(R) Dual Band Wireless-AC 8260 - 20.70.18.2,6986,197,0,5,7183,97.3%
Intel(R) Wi-Fi 6 AX201 160MHz,23.40.0.4,Intel(R) Wi-Fi 6 AX201 160MHz - 23.40.0.4,38312,1156,0,61,39468,97.1%
Intel(R) Dual Band Wireless-AC 8265,20.70.30.1,Intel(R) Dual Band Wireless-AC 8265 - 20.70.30.1,17564,542,0,25,18106,97.0%
Qualcomm FastConnect 6900 Wi-Fi 6E Dual Band Simultaneous (DBS) WiFiCx Network Adapter,2.0.0.1193,Qualcomm FastConnect 6900 Wi-Fi 6E Dual Band Simultaneous (DBS) WiFiCx Network Adapter - 2.0.0.1193,1876,69,0,5,1945,96.5%
Intel(R) Wi-Fi 6E AX211 160MHz,22.220.0.4,Intel(R) Wi-Fi 6E AX211 160MHz - 22.220.0.4,724,29,0,1,753,96.1%
Intel(R) Wi-Fi 6E AX211 160MHz,22.130.0.5,Intel(R) Wi-Fi 6E AX211 160MHz - 22.130.0.5,2949,131,0,1,3080,95.7%
Intel(R) Wi-Fi 6 AX201 160MHz,22.80.1.1,Intel(R) Wi-Fi 6 AX201 160MHz - 22.80.1.1,539,60,0,3,599,90.0%
Intel(R) Dual Band Wireless-AC 8265,20.70.32.1,Intel(R) Dual Band Wireless-AC 8265 - 20.70.32.1,1607,252,0,3,1859,86.4%
Intel(R) Wi-Fi 6 AX201 160MHz,22.170.2.1,Intel(R) Wi-Fi 6 AX201 160MHz - 22.170.2.1,1871,434,0,4,2305,81.2%
Intel(R) Wireless-AC 9560 160MHz,23.120.0.3,Intel(R) Wireless-AC 9560 160MHz - 23.120.0.3,1928,0,0,2,1928,100.0%
Intel(R) Wireless-AC 9560 160MHz,21.30.3.2,Intel(R) Wireless-AC 9560 160MHz - 21.30.3.2,141,0,0,2,141,100.0%
Intel(R) Wireless-AC 9560 160MHz,21.20.1.1,Intel(R) Wireless-AC 9560 160MHz - 21.20.1.1,3194,0,0,3,3194,100.0%
Intel(R) Wireless-AC 9560 160MHz,21.0.0.5,Intel(R) Wireless-AC 9560 160MHz - 21.0.0.5,1439,0,0,1,1439,100.0%
Intel(R) Wi-Fi 6 AX201 160MHz,22.0.1.5,Intel(R) Wi-Fi 6 AX201 160MHz - 22.0.1.5,5112,0,0,7,5112,100.0%
Intel(R) Wireless-AC 9560 160MHz,20.110.0.3,Intel(R) Wireless-AC 9560 160MHz - 20.110.0.3,1439,0,0,1,1439,100.0%
Intel(R) Wireless-AC 9560,23.80.1.3,Intel(R) Wireless-AC 9560 - 23.80.1.3,235,0,0,1,235,100.0%
Intel(R) Wireless-AC 9560 160MHz,21.10.2.2,Intel(R) Wireless-AC 9560 160MHz - 21.10.2.2,565,0,0,1,565,100.0%
Qualcomm QCA61x4A 802.11ac Wireless Adapter,12.0.0.722,Qualcomm QCA61x4A 802.11ac Wireless Adapter - 12.0.0.722,151,0,0,1,151,100.0%
Intel(R) Wireless-AC 9560,20.30.4.1,Intel(R) Wireless-AC 9560 - 20.30.4.1,1084,0,0,1,1084,100.0%
Intel(R) Wireless-AC 9560 160MHz,21.70.0.6,Intel(R) Wireless-AC 9560 160MHz - 21.70.0.6,557,0,0,2,557,100.0%
Qualcomm FastConnect 6900 Wi-Fi 6E Dual Band Simultaneous (DBS) WDI Network Adapter,1.0.0.1694,Qualcomm FastConnect 6900 Wi-Fi 6E Dual Band Simultaneous (DBS) WDI Network Adapter - 1.0.0.1694,1433,0,0,1,1433,100.0%
Intel(R) Wireless-AC 9260 160MHz,22.180.0.4,Intel(R) Wireless-AC 9260 160MHz - 22.180.0.4,1440,0,0,1,1440,100.0%
Intel(R) Wireless-AC 9260 160MHz,21.110.1.1,Intel(R) Wireless-AC 9260 160MHz - 21.110.1.1,2799,0,0,3,2799,100.0%
Qualcomm FastConnect 6900 Wi-Fi 6E Dual Band Simultaneous (DBS) WiFiCx Network Adapter,2.0.0.1229,Qualcomm FastConnect 6900 Wi-Fi 6E Dual Band Simultaneous (DBS) WiFiCx Network Adapter - 2.0.0.1229,19623,1,0,25,19624,100.0%
Intel(R) Wi-Fi 7 BE200 320MHz,23.90.0.2,Intel(R) Wi-Fi 7 BE200 320MHz - 23.90.0.2,2199,0,0,3,2199,100.0%
Qualcomm FastConnect 6900 Wi-Fi 6E Dual Band Simultaneous (DBS) WiFiCx Network Adapter,2.0.0.1277,Qualcomm FastConnect 6900 Wi-Fi 6E Dual Band Simultaneous (DBS) WiFiCx Network Adapter - 2.0.0.1277,229,0,0,4,229,100.0%
Intel(R) Dual Band Wireless-AC 7265,19.51.14.1,Intel(R) Dual Band Wireless-AC 7265 - 19.51.14.1,1439,0,0,1,1439,100.0%
Realtek RTL8852AE WiFi 6 802.11ax PCIe Adapter,6001.10.356.1,Realtek RTL8852AE WiFi 6 802.11ax PCIe Adapter - 6001.10.356.1,25067,9,0,46,25076,100.0%
Realtek RTL8852BE WiFi 6 802.11ax PCIe Adapter,6001.15.149.0,Realtek RTL8852BE WiFi 6 802.11ax PCIe Adapter - 6001.15.149.0,4,0,0,1,4,100.0%
Realtek RTL8852BE WiFi 6 802.11ax PCIe Adapter,6001.15.152.0,Realtek RTL8852BE WiFi 6 802.11ax PCIe Adapter - 6001.15.152.0,14443,3,0,32,14446,100.0%
Intel(R) Wireless-AC 9560 160MHz,21.50.1.1,Intel(R) Wireless-AC 9560 160MHz - 21.50.1.1,2230,0,0,2,2230,100.0%
Intel(R) Dual Band Wireless-AC 8260,20.50.0.5,Intel(R) Dual Band Wireless-AC 8260 - 20.50.0.5,4185,0,0,3,4185,100.0%
Intel(R) Dual Band Wireless-AC 8265,20.50.0.5,Intel(R) Dual Band Wireless-AC 8265 - 20.50.0.5,193,0,0,1,193,100.0%
Marvell AVASTAR Wireless-AC Network Controller,15.68.17022.122,Marvell AVASTAR Wireless-AC Network Controller - 15.68.17022.122,1438,0,0,1,1438,100.0%
Intel(R) Dual Band Wireless-AC 7265,19.51.31.1,Intel(R) Dual Band Wireless-AC 7265 - 19.51.31.1,1435,0,0,1,1435,100.0%
Intel(R) Wireless-AC 9560 160MHz,23.110.0.5,Intel(R) Wireless-AC 9560 160MHz - 23.110.0.5,1551,0,0,2,1551,100.0%
Intel(R) Wi-Fi 6E AX211 160MHz,23.70.0.6,Intel(R) Wi-Fi 6E AX211 160MHz - 23.70.0.6,1087,0,0,2,1087,100.0%
Intel(R) Wireless-AC 9560 160MHz,22.40.0.7,Intel(R) Wireless-AC 9560 160MHz - 22.40.0.7,1437,0,0,1,1437,100.0%
Intel(R) Wireless-AC 9560 160MHz,22.30.0.11,Intel(R) Wireless-AC 9560 160MHz - 22.30.0.11,300,0,0,1,300,100.0%
Intel(R) Wireless-AC 9560 160MHz,22.250.10.1,Intel(R) Wireless-AC 9560 160MHz - 22.250.10.1,112,0,0,2,112,100.0%
Intel(R) Wireless-AC 9560 160MHz,23.60.1.2,Intel(R) Wireless-AC 9560 160MHz - 23.60.1.2,1727,0,0,6,1727,100.0%
Intel(R) Wireless-AC 9560 160MHz,23.80.0.7,Intel(R) Wireless-AC 9560 160MHz - 23.80.0.7,10272,3,0,20,10275,100.0%
Linux,iwlwifi,iwlwifi,3230,0,0,3,3230,100.0%
Intel Corporation Wi-Fi 5(802.11ac) Wireless-AC 9x6x [Thunder Peak] [8086:2526] (rev 29),iwlwifi,Intel Corporation Wi-Fi 5(802.11ac) Wireless-AC 9x6x [Thunder Peak] [8086:2526] (rev 29) - iwlwifi,1177,0,0,1,1177,100.0%
Intel(R) Wireless-AC 9560 160MHz,22.190.0.4,Intel(R) Wireless-AC 9560 160MHz - 22.190.0.4,490,0,0,1,490,100.0%
Intel(R) Wireless-AC 9560 160MHz,23.20.1.1,Intel(R) Wireless-AC 9560 160MHz - 23.20.1.1,1441,0,0,1,1441,100.0%
Intel(R) Wireless-AC 9560 160MHz,22.170.0.3,Intel(R) Wireless-AC 9560 160MHz - 22.170.0.3,2875,0,0,2,2875,100.0%
Intel(R) Wireless-AC 9560 160MHz,22.150.1.1,Intel(R) Wireless-AC 9560 160MHz - 22.150.1.1,872,0,0,2,872,100.0%
Intel(R) Wireless-AC 9560 160MHz,22.130.0.5,Intel(R) Wireless-AC 9560 160MHz - 22.130.0.5,239,0,0,1,239,100.0%
MediaTek Wi-Fi 6E MT7922 (RZ616) 160MHz PCIe Adapter,3.3.0.800,MediaTek Wi-Fi 6E MT7922 (RZ616) 160MHz PCIe Adapter - 3.3.0.800,221,0,0,2,221,100.0%
MediaTek Wi-Fi 6E MT7922 (RZ616) 160MHz PCIe Adapter,3.3.0.824,MediaTek Wi-Fi 6E MT7922 (RZ616) 160MHz PCIe Adapter - 3.3.0.824,97,0,0,1,97,100.0%
Intel(R) Wireless-AC 9560 160MHz,22.10.0.7,Intel(R) Wireless-AC 9560 160MHz - 22.10.0.7,2937,1,0,3,2938,100.0%
Intel(R) Dual Band Wireless-AC 7265,19.51.30.1,Intel(R) Dual Band Wireless-AC 7265 - 19.51.30.1,3889,1,0,3,3890,100.0%
MediaTek Wi-Fi 6E MT7922 (RZ616) 160MHz PCIe Adapter,3.4.0.1088,MediaTek Wi-Fi 6E MT7922 (RZ616) 160MHz PCIe Adapter - 3.4.0.1088,247,0,0,1,247,100.0%
Intel(R) Dual Band Wireless-AC 7265,19.51.29.1,Intel(R) Dual Band Wireless-AC 7265 - 19.51.29.1,1407,0,0,1,1407,100.0%
Intel(R) Wireless-AC 9560 160MHz,22.0.1.1,Intel(R) Wireless-AC 9560 160MHz - 22.0.1.1,6,0,0,1,6,100.0%
Intel(R) Wireless-AC 9560 160MHz,22.80.1.1,Intel(R) Wireless-AC 9560 160MHz - 22.80.1.1,1433,0,0,1,1433,100.0%
Intel(R) Wi-Fi 6 AX200 160MHz,21.120.0.9,Intel(R) Wi-Fi 6 AX200 160MHz - 21.120.0.9,2946,0,0,3,2946,100.0%
Intel(R) Wi-Fi 6E AX211 160MHz,23.40.1.1,Intel(R) Wi-Fi 6E AX211 160MHz - 23.40.1.1,1400,0,0,1,1400,100.0%
Intel(R) Wi-Fi 6 AX201 160MHz,22.220.0.4,Intel(R) Wi-Fi 6 AX201 160MHz - 22.220.0.4,1713,0,0,5,1713,100.0%
Intel(R) Wi-Fi 6 AX201 160MHz,22.180.0.4,Intel(R) Wi-Fi 6 AX201 160MHz - 22.180.0.4,4340,1,0,4,4341,100.0%
Intel(R) Wi-Fi 6 AX201 160MHz,22.170.0.3,Intel(R) Wi-Fi 6 AX201 160MHz - 22.170.0.3,8844,3,0,8,8847,100.0%
Intel(R) Wi-Fi 6 AX201 160MHz,22.160.0.3,Intel(R) Wi-Fi 6 AX201 160MHz - 22.160.0.3,2,0,0,1,2,100.0%
Intel(R) Dual Band Wireless-AC 8265,20.70.25.2,Intel(R) Dual Band Wireless-AC 8265 - 20.70.25.2,11573,0,0,9,11573,100.0%
Intel(R) Dual Band Wireless-AC 8265,20.70.26.2,Intel(R) Dual Band Wireless-AC 8265 - 20.70.26.2,16,0,0,1,16,100.0%
Intel(R) Wi-Fi 6 AX201 160MHz,22.140.0.3,Intel(R) Wi-Fi 6 AX201 160MHz - 22.140.0.3,1705,0,0,4,1705,100.0%
Intel(R) Wi-Fi 6 AX201 160MHz,22.130.0.5,Intel(R) Wi-Fi 6 AX201 160MHz - 22.130.0.5,6631,1,0,3,6632,100.0%
Intel(R) Wi-Fi 6 AX201 160MHz,22.120.0.3,Intel(R) Wi-Fi 6 AX201 160MHz - 22.120.0.3,4442,0,0,4,4442,100.0%
Intel(R) Wi-Fi 6 AX201 160MHz,22.110.1.1,Intel(R) Wi-Fi 6 AX201 160MHz - 22.110.1.1,1766,0,0,10,1766,100.0%
Intel(R) Wi-Fi 6 AX201 160MHz,22.100.1.1,Intel(R) Wi-Fi 6 AX201 160MHz - 22.100.1.1,27534,11,0,57,27545,100.0%
Intel(R) Wi-Fi 6 AX201 160MHz,22.0.1.1,Intel(R) Wi-Fi 6 AX201 160MHz - 22.0.1.1,7421,2,0,31,7423,100.0%
Intel(R) Wi-Fi 6 AX201 160MHz,21.90.2.1,Intel(R) Wi-Fi 6 AX201 160MHz - 21.90.2.1,1437,0,0,1,1437,100.0%
Intel(R) Wi-Fi 6 AX201 160MHz,21.40.1.3,Intel(R) Wi-Fi 6 AX201 160MHz - 21.40.1.3,1441,0,0,1,1441,100.0%
Intel(R) Wi-Fi 6 AX201 160MHz,21.110.3.2,Intel(R) Wi-Fi 6 AX201 160MHz - 21.110.3.2,1439,0,0,1,1439,100.0%
Intel(R) Wi-Fi 6 AX201 160MHz,21.110.2.1,Intel(R) Wi-Fi 6 AX201 160MHz - 21.110.2.1,1440,0,0,1,1440,100.0%
Intel(R) Dual Band Wireless-AC 8265,22.130.0.5,Intel(R) Dual Band Wireless-AC 8265 - 22.130.0.5,1436,0,0,1,1436,100.0%
Intel(R) Wi-Fi 6 AX200 160MHz,23.20.1.1,Intel(R) Wi-Fi 6 AX200 160MHz - 23.20.1.1,1437,0,0,1,1437,100.0%
Intel(R) Wi-Fi 6 AX200 160MHz,23.120.0.3,Intel(R) Wi-Fi 6 AX200 160MHz - 23.120.0.3,5266,1,0,5,5267,100.0%
Intel(R) Wi-Fi 6 AX200 160MHz,22.80.1.1,Intel(R) Wi-Fi 6 AX200 160MHz - 22.80.1.1,3,0,0,1,3,100.0%
Intel(R) Wi-Fi 6 AX200 160MHz,22.40.0.7,Intel(R) Wi-Fi 6 AX200 160MHz - 22.40.0.7,2984,0,0,6,2984,100.0%
Intel(R) Wi-Fi 6 AX200 160MHz,22.250.1.2,Intel(R) Wi-Fi 6 AX200 160MHz - 22.250.1.2,1399,0,0,1,1399,100.0%
Intel(R) Wi-Fi 6 AX200 160MHz,22.250.0.4,Intel(R) Wi-Fi 6 AX200 160MHz - 22.250.0.4,8611,0,0,6,8611,100.0%
Intel(R) Wi-Fi 6 AX200 160MHz,22.230.0.8,Intel(R) Wi-Fi 6 AX200 160MHz - 22.230.0.8,1432,0,0,1,1432,100.0%
Intel(R) Wi-Fi 6 AX200 160MHz,22.170.0.3,Intel(R) Wi-Fi 6 AX200 160MHz - 22.170.0.3,1440,0,0,2,1440,100.0%
Intel(R) Wi-Fi 6 AX200 160MHz,22.110.1.1,Intel(R) Wi-Fi 6 AX200 160MHz - 22.110.1.1,1438,0,0,1,1438,100.0%
Intel(R) Wi-Fi 6 AX200 160MHz,21.80.2.1,Intel(R) Wi-Fi 6 AX200 160MHz - 21.80.2.1,1,0,0,1,1,100.0%
Intel(R) Wi-Fi 6 AX200 160MHz,21.60.0.5,Intel(R) Wi-Fi 6 AX200 160MHz - 21.60.0.5,3776,1,0,16,3777,100.0%
Intel(R) Dual Band Wireless-AC 8265,20.70.21.2,Intel(R) Dual Band Wireless-AC 8265 - 20.70.21.2,12990,5,0,10,12995,100.0%
Intel(R) Wi-Fi 6 AX201 160MHz,22.250.0.4,Intel(R) Wi-Fi 6 AX201 160MHz - 22.250.0.4,7835,3,0,6,7838,100.0%
Intel(R) Wi-Fi 6E AX211 160MHz,23.20.1.1,Intel(R) Wi-Fi 6E AX211 160MHz - 23.20.1.1,13628,1,0,24,13629,100.0%
Intel(R) Wi-Fi 6 AX201 160MHz,22.30.0.11,Intel(R) Wi-Fi 6 AX201 160MHz - 22.30.0.11,52,0,0,1,52,100.0%
Intel(R) Wi-Fi 6E AX211 160MHz,23.20.0.4,Intel(R) Wi-Fi 6E AX211 160MHz - 23.20.0.4,16,0,0,1,16,100.0%
Intel(R) Wi-Fi 6E AX211 160MHz,23.120.0.3,Intel(R) Wi-Fi 6E AX211 160MHz - 23.120.0.3,1934,0,0,5,1934,100.0%
Intel(R) Wi-Fi 6E AX211 160MHz,23.100.0.4,Intel(R) Wi-Fi 6E AX211 160MHz - 23.100.0.4,1442,0,0,3,1442,100.0%
Intel(R) Wi-Fi 6E AX211 160MHz,23.10.0.8,Intel(R) Wi-Fi 6E AX211 160MHz - 23.10.0.8,6050,0,0,8,6050,100.0%
Intel(R) Wi-Fi 6E AX211 160MHz,22.250.10.1,Intel(R) Wi-Fi 6E AX211 160MHz - 22.250.10.1,952,0,0,1,952,100.0%
Intel(R) Dual Band Wireless-AC 8260,20.70.21.2,Intel(R) Dual Band Wireless-AC 8260 - 20.70.21.2,1440,0,0,2,1440,100.0%
Intel(R) Wi-Fi 6E AX211 160MHz,22.230.0.8,Intel(R) Wi-Fi 6E AX211 160MHz - 22.230.0.8,11482,0,0,11,11482,100.0%
Intel(R) Wi-Fi 6E AX211 160MHz,22.200.2.1,Intel(R) Wi-Fi 6E AX211 160MHz - 22.200.2.1,25203,1,0,27,25204,100.0%
Intel(R) Wi-Fi 6E AX211 160MHz,22.170.2.1,Intel(R) Wi-Fi 6E AX211 160MHz - 22.170.2.1,14493,2,0,2,14495,100.0%
Intel(R) Wi-Fi 6 AX200 160MHz,21.40.2.2,Intel(R) Wi-Fi 6 AX200 160MHz - 21.40.2.2,488,0,0,1,488,100.0%
Intel(R) Wi-Fi 6E AX211 160MHz,22.150.3.1,Intel(R) Wi-Fi 6E AX211 160MHz - 22.150.3.1,23,0,0,1,23,100.0%
Intel(R) Wi-Fi 6E AX211 160MHz,22.150.0.3,Intel(R) Wi-Fi 6E AX211 160MHz - 22.150.0.3,11,0,0,1,11,100.0%
Intel(R) Wi-Fi 6E AX211 160MHz,22.110.1.1,Intel(R) Wi-Fi 6E AX211 160MHz - 22.110.1.1,647,0,0,1,647,100.0%
Intel(R) Wi-Fi 6E AX210 160MHz,23.90.0.2,Intel(R) Wi-Fi 6E AX210 160MHz - 23.90.0.2,4412,0,0,6,4412,100.0%
Intel(R) Wi-Fi 6E AX210 160MHz,22.80.0.9,Intel(R) Wi-Fi 6E AX210 160MHz - 22.80.0.9,39,0,0,1,39,100.0%
Intel(R) Dual Band Wireless-AC 7260,18.33.17.1,Intel(R) Dual Band Wireless-AC 7260 - 18.33.17.1,1438,0,0,1,1438,100.0%
Intel(R) Wi-Fi 6 AX201 160MHz,23.60.0.10,Intel(R) Wi-Fi 6 AX201 160MHz - 23.60.0.10,156,0,0,3,156,100.0%
Intel(R) Wi-Fi 6 AX201 160MHz,23.40.1.1,Intel(R) Wi-Fi 6 AX201 160MHz - 23.40.1.1,1530,0,0,3,1530,100.0%
Intel(R) Dual Band Wireless-AC 8260,20.70.25.2,Intel(R) Dual Band Wireless-AC 8260 - 20.70.25.2,446,0,0,1,446,100.0%
Intel(R) Dual Band Wireless-AC 8260,20.70.30.1,Intel(R) Dual Band Wireless-AC 8260 - 20.70.30.1,13736,0,0,12,13736,100.0%
Intel(R) Wi-Fi 6 AX201 160MHz,23.20.0.4,Intel(R) Wi-Fi 6 AX201 160MHz - 23.20.0.4,3045,0,0,4,3045,100.0%
Intel(R) Dual Band Wireless-AC 8260,20.70.5.2,Intel(R) Dual Band Wireless-AC 8260 - 20.70.5.2,2601,0,0,2,2601,100.0%
Intel(R) Dual Band Wireless-AC 8260,20.70.6.1,Intel(R) Dual Band Wireless-AC 8260 - 20.70.6.1,108,0,0,1,108,100.0%
Intel(R) Wi-Fi 6 AX201 160MHz,22.70.0.6,Intel(R) Wi-Fi 6 AX201 160MHz - 22.70.0.6,54,0,0,1,54,100.0%
Intel(R) Wi-Fi 6 AX201 160MHz,22.60.1.2,Intel(R) Wi-Fi 6 AX201 160MHz - 22.60.1.2,1,0,0,1,1,100.0%
Intel(R) Wi-Fi 6 AX201 160MHz,22.60.0.6,Intel(R) Wi-Fi 6 AX201 160MHz - 22.60.0.6,1,0,0,1,1,100.0%
Intel(R) Dual Band Wireless-AC 8265,20.70.16.4,Intel(R) Dual Band Wireless-AC 8265 - 20.70.16.4,12,0,0,1,12,100.0%
Intel(R) Wi-Fi 6E AX211 160MHz,22.160.0.3,Intel(R) Wi-Fi 6E AX211 160MHz - 22.160.0.3,79,0,0,1,79,100.0%
