Adapter,Driver,Adapter-Driver,Good Sum,Critical Sum,Warning Sum,Client Count,Total Sum,Good Roaming Calculation (%)
Intel(R) Dual Band Wireless-AC 8265,20.70.32.1,Intel(R) Dual Band Wireless-AC 8265 - 20.70.32.1,11338,12,0,11,11350,99.9%
Intel(R) Wi-Fi 6 AX201 160MHz,22.100.0.3,Intel(R) Wi-Fi 6 AX201 160MHz - 22.100.0.3,1583,1,0,2,1584,99.9%
Intel(R) Wi-Fi 6 AX201 160MHz,23.50.0.6,Intel(R) Wi-Fi 6 AX201 160MHz - 23.50.0.6,6286,5,0,10,6291,99.9%
Intel(R) Wi-Fi 6E AX210 160MHz,23.110.0.5,Intel(R) Wi-Fi 6E AX210 160MHz - 23.110.0.5,1701,1,0,5,1702,99.9%
Intel(R) Dual Band Wireless-AC 8265,20.70.30.1,Intel(R) Dual Band Wireless-AC 8265 - 20.70.30.1,15695,9,0,20,15704,99.9%
Intel(R) Wireless-AC 9560 160MHz,22.50.0.7,Intel(R) Wireless-AC 9560 160MHz - 22.50.0.7,3808,4,0,5,3812,99.9%
Intel(R) Wireless-AC 9560 160MHz,23.60.1.2,Intel(R) Wireless-AC 9560 160MHz - 23.60.1.2,125227,144,0,103,125371,99.9%
Intel(R) Wi-Fi 6 AX201 160MHz,23.100.0.4,Intel(R) Wi-Fi 6 AX201 160MHz - 23.100.0.4,20946,15,0,18,20961,99.9%
Intel(R) Wireless-AC 9560 160MHz,23.90.0.2,Intel(R) Wireless-AC 9560 160MHz - 23.90.0.2,258103,225,0,194,258328,99.9%
Intel(R) Wi-Fi 6E AX211 160MHz,23.60.0.10,Intel(R) Wi-Fi 6E AX211 160MHz - 23.60.0.10,1439,1,0,2,1440,99.9%
Intel(R) Wireless-AC 9560 160MHz,22.160.0.4,Intel(R) Wireless-AC 9560 160MHz - 22.160.0.4,74293,61,0,66,74354,99.9%
Intel(R) Dual Band Wireless-AC 7265,19.51.15.3,Intel(R) Dual Band Wireless-AC 7265 - 19.51.15.3,9586,11,0,7,9597,99.9%
Intel(R) Wi-Fi 6 AX200 160MHz,23.80.0.7,Intel(R) Wi-Fi 6 AX200 160MHz - 23.80.0.7,2236,3,0,8,2239,99.9%
Qualcomm FastConnect 6900 Wi-Fi 6E Dual Band Simultaneous (DBS) WDI Network Adapter,1.0.0.1633,Qualcomm FastConnect 6900 Wi-Fi 6E Dual Band Simultaneous (DBS) WDI Network Adapter - 1.0.0.1633,1097,1,0,1,1098,99.9%
Qualcomm QCA61x4A 802.11ac Wireless Adapter,12.0.0.1118,Qualcomm QCA61x4A 802.11ac Wireless Adapter - 12.0.0.1118,22578,25,0,25,22603,99.9%
Intel(R) Wi-Fi 6 AX200 160MHz,22.40.0.7,Intel(R) Wi-Fi 6 AX200 160MHz - 22.40.0.7,2227,2,0,3,2229,99.9%
Intel(R) Wireless-AC 9560 160MHz,22.40.0.7,Intel(R) Wireless-AC 9560 160MHz - 22.40.0.7,3254,3,0,3,3257,99.9%
Intel(R) Wi-Fi 6 AX201 160MHz,21.80.2.1,Intel(R) Wi-Fi 6 AX201 160MHz - 21.80.2.1,2373,4,0,12,2377,99.8%
Intel(R) Wi-Fi 6 AX200 160MHz,23.60.1.2,Intel(R) Wi-Fi 6 AX200 160MHz - 23.60.1.2,49239,89,0,34,49328,99.8%
Intel(R) Wi-Fi 6 AX200 160MHz,22.60.0.6,Intel(R) Wi-Fi 6 AX200 160MHz - 22.60.0.6,1434,3,0,1,1437,99.8%
Intel(R) Wireless-AC 9560 160MHz,22.30.0.11,Intel(R) Wireless-AC 9560 160MHz - 22.30.0.11,6072,11,0,4,6083,99.8%
Intel(R) Dual Band Wireless-AC 8265,20.70.4.2,Intel(R) Dual Band Wireless-AC 8265 - 20.70.4.2,100830,239,0,76,101069,99.8%
Intel(R) Wi-Fi 6E AX211 160MHz,23.110.0.5,Intel(R) Wi-Fi 6E AX211 160MHz - 23.110.0.5,43154,72,0,89,43226,99.8%
Linux,iwlwifi,iwlwifi,15437,37,0,13,15474,99.8%
Intel(R) Dual Band Wireless-AC 8265,20.70.3.3,Intel(R) Dual Band Wireless-AC 8265 - 20.70.3.3,16239,39,0,11,16278,99.8%
Intel(R) Wi-Fi 6 AX201 160MHz,21.10.2.2,Intel(R) Wi-Fi 6 AX201 160MHz - 21.10.2.2,482,1,0,2,483,99.8%
Qualcomm QCA61x4A 802.11ac Wireless Adapter,12.0.0.1272,Qualcomm QCA61x4A 802.11ac Wireless Adapter - 12.0.0.1272,28224,70,0,24,28294,99.8%
Intel(R) Wi-Fi 6 AX201 160MHz,23.40.0.4,Intel(R) Wi-Fi 6 AX201 160MHz - 23.40.0.4,29222,87,0,92,29309,99.7%
Intel(R) Wi-Fi 6 AX201 160MHz,22.10.0.7,Intel(R) Wi-Fi 6 AX201 160MHz - 22.10.0.7,23756,63,0,33,23819,99.7%
Intel(R) Wi-Fi 6 AX201 160MHz,22.230.0.8,Intel(R) Wi-Fi 6 AX201 160MHz - 22.230.0.8,24773,75,0,33,24848,99.7%
Intel(R) Wi-Fi 6 AX201 160MHz,22.60.1.2,Intel(R) Wi-Fi 6 AX201 160MHz - 22.60.1.2,8677,27,0,19,8704,99.7%
Intel(R) Wi-Fi 6E AX211 160MHz,23.100.0.4,Intel(R) Wi-Fi 6E AX211 160MHz - 23.100.0.4,9550,32,0,9,9582,99.7%
Fi,16.0 (1657),Fi - 16.0 (1657),30134,93,0,71,30227,99.7%
Intel(R) Wi-Fi 6 AX201 160MHz,22.30.0.11,Intel(R) Wi-Fi 6 AX201 160MHz - 22.30.0.11,14520,38,0,28,14558,99.7%
Intel(R) Wi-Fi 6 AX201 160MHz,22.250.1.2,Intel(R) Wi-Fi 6 AX201 160MHz - 22.250.1.2,271833,849,0,432,272682,99.7%
Intel(R) Wi-Fi 6 AX200 160MHz,22.200.0.6,Intel(R) Wi-Fi 6 AX200 160MHz - 22.200.0.6,3152,10,0,2,3162,99.7%
Intel(R) Wi-Fi 6E AX211 160MHz,23.40.0.4,Intel(R) Wi-Fi 6E AX211 160MHz - 23.40.0.4,3638,11,0,8,3649,99.7%
Intel(R) Wi-Fi 6E AX211 160MHz,23.60.1.2,Intel(R) Wi-Fi 6E AX211 160MHz - 23.60.1.2,309211,987,0,611,310198,99.7%
Intel(R) Wi-Fi 6 AX200 160MHz,23.30.0.6,Intel(R) Wi-Fi 6 AX200 160MHz - 23.30.0.6,6062,25,0,14,6087,99.6%
Intel(R) Wi-Fi 6 AX201 160MHz,23.80.0.7,Intel(R) Wi-Fi 6 AX201 160MHz - 23.80.0.7,29492,131,0,46,29623,99.6%
MediaTek Wi-Fi 6 MT7921 Wireless LAN Card,24.40.2.575,MediaTek Wi-Fi 6 MT7921 Wireless LAN Card - 24.40.2.575,16941,61,0,31,17002,99.6%
Marvell AVASTAR Wireless-AC Network Controller,15.68.17022.122,Marvell AVASTAR Wireless-AC Network Controller - 15.68.17022.122,1891,7,0,7,1898,99.6%
Intel(R) Wi-Fi 6 AX201 160MHz,23.60.1.2,Intel(R) Wi-Fi 6 AX201 160MHz - 23.60.1.2,335498,1419,0,668,336917,99.6%
Intel(R) Wi-Fi 6E AX211 160MHz,23.30.0.6,Intel(R) Wi-Fi 6E AX211 160MHz - 23.30.0.6,100232,377,0,149,100609,99.6%
Intel(R) Wi-Fi 6E AX211 160MHz,22.250.1.2,Intel(R) Wi-Fi 6E AX211 160MHz - 22.250.1.2,2547,11,0,3,2558,99.6%
Intel(R) Wi-Fi 6 AX201 160MHz,21.110.1.1,Intel(R) Wi-Fi 6 AX201 160MHz - 21.110.1.1,23557,90,0,57,23647,99.6%
Intel(R) Wireless-AC 9260 160MHz,21.20.1.1,Intel(R) Wireless-AC 9260 160MHz - 21.20.1.1,422,2,0,2,424,99.5%
Intel(R) Wi-Fi 6 AX201 160MHz,23.20.1.1,Intel(R) Wi-Fi 6 AX201 160MHz - 23.20.1.1,57173,311,0,105,57484,99.5%
Intel(R) Wi-Fi 6 AX201 160MHz,22.200.2.1,Intel(R) Wi-Fi 6 AX201 160MHz - 22.200.2.1,27326,134,0,77,27460,99.5%
Intel(R) Wi-Fi 6E AX211 160MHz,23.90.0.2,Intel(R) Wi-Fi 6E AX211 160MHz - 23.90.0.2,1496123,9039,0,1584,1505162,99.4%
Intel(R) Wi-Fi 6 AX201 160MHz,23.90.0.2,Intel(R) Wi-Fi 6 AX201 160MHz - 23.90.0.2,856675,5186,0,892,861861,99.4%
Intel(R) Wi-Fi 6 AX201 160MHz,23.110.0.5,Intel(R) Wi-Fi 6 AX201 160MHz - 23.110.0.5,15466,104,0,29,15570,99.3%
Intel(R) Wireless-AC 9560 160MHz,23.80.0.7,Intel(R) Wireless-AC 9560 160MHz - 23.80.0.7,13321,97,0,27,13418,99.3%
Intel(R) Wi-Fi 6E AX211 160MHz,22.250.10.1,Intel(R) Wi-Fi 6E AX211 160MHz - 22.250.10.1,2862,21,0,15,2883,99.3%
Intel(R) Wi-Fi 6 AX201 160MHz,23.30.0.6,Intel(R) Wi-Fi 6 AX201 160MHz - 23.30.0.6,14466,124,0,52,14590,99.2%
Intel(R) Wi-Fi 6 AX200 160MHz,22.120.1.9,Intel(R) Wi-Fi 6 AX200 160MHz - 22.120.1.9,22262,212,0,17,22474,99.1%
Intel(R) Wi-Fi 6E AX211 160MHz,23.20.1.1,Intel(R) Wi-Fi 6E AX211 160MHz - 23.20.1.1,95513,1105,0,198,96618,98.9%
Intel(R) Wi-Fi 7 BE200 320MHz,23.40.0.4,Intel(R) Wi-Fi 7 BE200 320MHz - 23.40.0.4,79,1,0,1,80,98.8%
Intel(R) Wi-Fi 6E AX211 160MHz,22.130.0.5,Intel(R) Wi-Fi 6E AX211 160MHz - 22.130.0.5,11567,148,0,44,11715,98.7%
Intel(R) Wi-Fi 6E AX211 160MHz,22.170.2.1,Intel(R) Wi-Fi 6E AX211 160MHz - 22.170.2.1,48922,638,0,169,49560,98.7%
Intel(R) Wi-Fi 6 AX201 160MHz,22.170.2.1,Intel(R) Wi-Fi 6 AX201 160MHz - 22.170.2.1,121761,1759,0,313,123520,98.6%
Intel(R) Wi-Fi 6 AX201 160MHz,22.160.0.3,Intel(R) Wi-Fi 6 AX201 160MHz - 22.160.0.3,52873,787,0,154,53660,98.5%
Intel(R) Wi-Fi 6E AX211 160MHz,22.200.2.1,Intel(R) Wi-Fi 6E AX211 160MHz - 22.200.2.1,16287,269,0,44,16556,98.4%
Intel(R) Wi-Fi 6E AX211 160MHz,23.120.0.3,Intel(R) Wi-Fi 6E AX211 160MHz - 23.120.0.3,1463,34,0,2,1497,97.7%
Qualcomm Atheros AR9580 Wireless Network Adapter,10.1.10.5,Qualcomm Atheros AR9580 Wireless Network Adapter - 10.1.10.5,1143,30,0,2,1173,97.4%
Intel(R) Wireless-AC 9560 160MHz,22.250.0.4,Intel(R) Wireless-AC 9560 160MHz - 22.250.0.4,31416,975,0,38,32391,97.0%
Intel(R) Wi-Fi 6E AX211 160MHz,23.50.0.6,Intel(R) Wi-Fi 6E AX211 160MHz - 23.50.0.6,16054,538,0,29,16592,96.8%
Realtek RTL8811AU Wireless LAN 802.11ac USB 2.0 Network Adapter,1030.44.822.2023,Realtek RTL8811AU Wireless LAN 802.11ac USB 2.0 Network Adapter - 1030.44.822.2023,30225,1004,0,20,31229,96.8%
Intel(R) Wi-Fi 6 AX200 160MHz,23.110.0.5,Intel(R) Wi-Fi 6 AX200 160MHz - 23.110.0.5,28,1,0,1,29,96.6%
Killer(R) Wi-Fi 6 AX1650s 160MHz Wireless Network Adapter (201D2W),23.90.0.2,Killer(R) Wi-Fi 6 AX1650s 160MHz Wireless Network Adapter (201D2W) - 23.90.0.2,13120,575,0,14,13695,95.8%
Qualcomm Atheros AR9580 Wireless Network Adapter,3.0.2.201,Qualcomm Atheros AR9580 Wireless Network Adapter - 3.0.2.201,2385,108,0,3,2493,95.7%
Intel(R) Wi-Fi 6 AX201 160MHz,23.60.0.10,Intel(R) Wi-Fi 6 AX201 160MHz - 23.60.0.10,11685,712,0,19,12397,94.3%
Intel(R) Wi-Fi 6 AX201 160MHz,22.0.1.5,Intel(R) Wi-Fi 6 AX201 160MHz - 22.0.1.5,944,129,0,2,1073,88.0%
Intel(R) Dual Band Wireless-AC 8265,20.70.25.2,Intel(R) Dual Band Wireless-AC 8265 - 20.70.25.2,238,0,0,1,238,100.0%
Intel(R) Dual Band Wireless-AC 8265,20.70.27.1,Intel(R) Dual Band Wireless-AC 8265 - 20.70.27.1,1436,0,0,1,1436,100.0%
Intel(R) Dual Band Wireless-AC 8260,20.70.30.1,Intel(R) Dual Band Wireless-AC 8260 - 20.70.30.1,4354,1,0,6,4355,100.0%
NETGEAR A8000 WiFi 6 & 6E Adapter,1.0.0.108,NETGEAR A8000 WiFi 6 & 6E Adapter - 1.0.0.108,1432,0,0,1,1432,100.0%
MediaTek Wi-Fi 6E MT7922 (RZ616) 160MHz PCIe Adapter,3.4.0.1088,MediaTek Wi-Fi 6E MT7922 (RZ616) 160MHz PCIe Adapter - 3.4.0.1088,893,0,0,1,893,100.0%
Intel(R) Wireless-AC 9560 160MHz,22.240.0.6,Intel(R) Wireless-AC 9560 160MHz - 22.240.0.6,1894,0,0,2,1894,100.0%
Intel(R) Dual Band Wireless-AC 8265,22.130.0.5,Intel(R) Dual Band Wireless-AC 8265 - 22.130.0.5,4988,0,0,6,4988,100.0%
Intel(R) Dual Band Wireless-AC 8265,20.70.5.2,Intel(R) Dual Band Wireless-AC 8265 - 20.70.5.2,4741,0,0,3,4741,100.0%
MediaTek Wi-Fi 6E MT7922 (RZ616) 160MHz PCIe Adapter,3.3.0.1030,MediaTek Wi-Fi 6E MT7922 (RZ616) 160MHz PCIe Adapter - 3.3.0.1030,272,0,0,1,272,100.0%
Intel(R) Dual Band Wireless-AC 8260,20.70.32.1,Intel(R) Dual Band Wireless-AC 8260 - 20.70.32.1,9291,0,0,6,9291,100.0%
Intel(R) Dual Band Wireless-AC 8260,22.60.0.6,Intel(R) Dual Band Wireless-AC 8260 - 22.60.0.6,1436,0,0,1,1436,100.0%
Intel(R) Dual Band Wireless-AC 8265,20.70.24.1,Intel(R) Dual Band Wireless-AC 8265 - 20.70.24.1,1435,0,0,1,1435,100.0%
Intel Corporation Wireless-AC 9260 [8086:2526] (rev 29),iwlwifi,Intel Corporation Wireless-AC 9260 [8086:2526] (rev 29) - iwlwifi,1174,0,0,1,1174,100.0%
Intel(R) Dual Band Wireless-AC 8265,20.70.12.5,Intel(R) Dual Band Wireless-AC 8265 - 20.70.12.5,859,0,0,1,859,100.0%
Intel(R) Wireless-AC 9560 160MHz,23.110.0.5,Intel(R) Wireless-AC 9560 160MHz - 23.110.0.5,3013,0,0,4,3013,100.0%
Killer(R) Wi-Fi 6 AX1650s 160MHz Wireless Network Adapter (201D2W),23.60.1.2,Killer(R) Wi-Fi 6 AX1650s 160MHz Wireless Network Adapter (201D2W) - 23.60.1.2,519,0,0,1,519,100.0%
Killer(R) Wi-Fi 6 AX1650s 160MHz Wireless Network Adapter (201D2W),22.250.0.4,Killer(R) Wi-Fi 6 AX1650s 160MHz Wireless Network Adapter (201D2W) - 22.250.0.4,1439,0,0,1,1439,100.0%
Intel(R) Wireless-AC 9560 160MHz,23.20.1.1,Intel(R) Wireless-AC 9560 160MHz - 23.20.1.1,2058,0,0,4,2058,100.0%
Intel(R) Wireless-AC 9560 160MHz,23.40.0.4,Intel(R) Wireless-AC 9560 160MHz - 23.40.0.4,410,0,0,2,410,100.0%
Intel(R) Wireless-AC 9560 160MHz,23.50.0.6,Intel(R) Wireless-AC 9560 160MHz - 23.50.0.6,603,0,0,1,603,100.0%
Intel(R) Dual Band Wireless-AC 8265,20.70.21.2,Intel(R) Dual Band Wireless-AC 8265 - 20.70.21.2,38,0,0,1,38,100.0%
Intel(R) Wi-Fi 6 AX201 160MHz,22.250.10.1,Intel(R) Wi-Fi 6 AX201 160MHz - 22.250.10.1,5409,0,0,19,5409,100.0%
Intel(R) Dual Band Wireless-AC 8260,20.70.3.3,Intel(R) Dual Band Wireless-AC 8260 - 20.70.3.3,18862,0,0,17,18862,100.0%
Intel(R) Dual Band Wireless-AC 8260,20.70.27.1,Intel(R) Dual Band Wireless-AC 8260 - 20.70.27.1,1411,0,0,1,1411,100.0%
Realtek RTL8852BE WiFi 6 802.11ax PCIe Adapter,6001.15.123.319,Realtek RTL8852BE WiFi 6 802.11ax PCIe Adapter - 6001.15.123.319,1249,0,0,1,1249,100.0%
Realtek RTL8852AE WiFi 6 802.11ax PCIe Adapter,6001.10.356.1,Realtek RTL8852AE WiFi 6 802.11ax PCIe Adapter - 6001.10.356.1,457,0,0,1,457,100.0%
Realtek RTL8852AE WiFi 6 802.11ax PCIe Adapter,6001.10.356.0,Realtek RTL8852AE WiFi 6 802.11ax PCIe Adapter - 6001.10.356.0,21,0,0,1,21,100.0%
Realtek RTL8822CE 802.11ac PCIe Adapter,2024.10.227.0,Realtek RTL8822CE 802.11ac PCIe Adapter - 2024.10.227.0,667,0,0,1,667,100.0%
Realtek RTL8821CE 802.11ac PCIe Adapter,2024.0.10.209,Realtek RTL8821CE 802.11ac PCIe Adapter - 2024.0.10.209,43,0,0,1,43,100.0%
Realtek 8822CE Wireless LAN 802.11ac PCI-E NIC,2024.10.139.3,Realtek 8822CE Wireless LAN 802.11ac PCI-E NIC - 2024.10.139.3,356,0,0,1,356,100.0%
Realtek 8821CE Wireless LAN 802.11ac PCI-E NIC,2024.10.142.0,Realtek 8821CE Wireless LAN 802.11ac PCI-E NIC - 2024.10.142.0,12,0,0,1,12,100.0%
Edimax AC1750 Wi-Fi USB Adapter,1030.44.1014.2024,Edimax AC1750 Wi-Fi USB Adapter - 1030.44.1014.2024,1440,0,0,1,1440,100.0%
Qualcomm QCA61x4A 802.11ac Wireless Adapter,12.0.0.926,Qualcomm QCA61x4A 802.11ac Wireless Adapter - 12.0.0.926,3160,1,0,2,3161,100.0%
Intel(R) Dual Band Wireless-AC 7260,18.33.15.1,Intel(R) Dual Band Wireless-AC 7260 - 18.33.15.1,321,0,0,1,321,100.0%
Intel(R) Dual Band Wireless-AC 7265,19.51.29.1,Intel(R) Dual Band Wireless-AC 7265 - 19.51.29.1,454,0,0,1,454,100.0%
Qualcomm QCA61x4A 802.11ac Wireless Adapter,12.0.0.1016,Qualcomm QCA61x4A 802.11ac Wireless Adapter - 12.0.0.1016,3429,0,0,4,3429,100.0%
Qualcomm FastConnect 7800 Wi-Fi 7 Dual Band Simultaneous (DBS) Network Adapter,1.0.4166.1200,Qualcomm FastConnect 7800 Wi-Fi 7 Dual Band Simultaneous (DBS) Network Adapter - 1.0.4166.1200,26,0,0,1,26,100.0%
Qualcomm FastConnect 6900 Wi-Fi 6E Dual Band Simultaneous (DBS) WiFiCx Network Adapter,2.0.0.1277,Qualcomm FastConnect 6900 Wi-Fi 6E Dual Band Simultaneous (DBS) WiFiCx Network Adapter - 2.0.0.1277,271,0,0,2,271,100.0%
Qualcomm FastConnect 6900 Wi-Fi 6E Dual Band Simultaneous (DBS) WiFiCx Network Adapter,2.0.0.1215,Qualcomm FastConnect 6900 Wi-Fi 6E Dual Band Simultaneous (DBS) WiFiCx Network Adapter - 2.0.0.1215,22,0,0,1,22,100.0%
Qualcomm FastConnect 6900 Wi-Fi 6E Dual Band Simultaneous (DBS) WDI Network Adapter,1.0.0.1694,Qualcomm FastConnect 6900 Wi-Fi 6E Dual Band Simultaneous (DBS) WDI Network Adapter - 1.0.0.1694,6452,2,0,7,6454,100.0%
Intel(R) Dual Band Wireless-AC 8260,20.70.18.2,Intel(R) Dual Band Wireless-AC 8260 - 20.70.18.2,1437,0,0,1,1437,100.0%
Killer Wi-Fi 6 AX500-DBS Wireless Network Adapter,1.0.0.1769,Killer Wi-Fi 6 AX500-DBS Wireless Network Adapter - 1.0.0.1769,26,0,0,1,26,100.0%
Realtek RTL8811AU Wireless LAN 802.11ac USB 2.0 Network Adapter,1030.38.712.2019,Realtek RTL8811AU Wireless LAN 802.11ac USB 2.0 Network Adapter - 1030.38.712.2019,3163,0,0,2,3163,100.0%
Qualcomm QCA9377 802.11ac Wireless Adapter,12.0.0.697,Qualcomm QCA9377 802.11ac Wireless Adapter - 12.0.0.697,1439,0,0,1,1439,100.0%
Qualcomm QCA61x4A 802.11ac Wireless Adapter,12.0.0.722,Qualcomm QCA61x4A 802.11ac Wireless Adapter - 12.0.0.722,1914,0,0,2,1914,100.0%
Intel(R) Wireless-AC 9560 160MHz,22.140.0.3,Intel(R) Wireless-AC 9560 160MHz - 22.140.0.3,1435,0,0,1,1435,100.0%
Intel(R) Dual Band Wireless-AC 8260,20.70.25.2,Intel(R) Dual Band Wireless-AC 8260 - 20.70.25.2,1437,0,0,1,1437,100.0%
Intel(R) Dual Band Wireless-AC 8265,22.30.0.11,Intel(R) Dual Band Wireless-AC 8265 - 22.30.0.11,2179,0,0,2,2179,100.0%
Intel(R) Wireless-AC 9560 160MHz,21.10.0.5,Intel(R) Wireless-AC 9560 160MHz - 21.10.0.5,2095,0,0,5,2095,100.0%
Intel(R) Wireless-AC 9560 160MHz,21.80.2.1,Intel(R) Wireless-AC 9560 160MHz - 21.80.2.1,1054,0,0,2,1054,100.0%
Intel(R) Wi-Fi 6E AX211 160MHz,22.230.0.8,Intel(R) Wi-Fi 6E AX211 160MHz - 22.230.0.8,308,0,0,4,308,100.0%
Intel(R) Dual Band Wireless-AC 3165,22.130.0.5,Intel(R) Dual Band Wireless-AC 3165 - 22.130.0.5,895,0,0,1,895,100.0%
Intel(R) Wi-Fi 6 AX201 160MHz,22.110.1.1,Intel(R) Wi-Fi 6 AX201 160MHz - 22.110.1.1,378,0,0,4,378,100.0%
Intel(R) Wi-Fi 6E AX210 160MHz,23.90.0.2,Intel(R) Wi-Fi 6E AX210 160MHz - 23.90.0.2,130,0,0,1,130,100.0%
Intel(R) Wi-Fi 6E AX210 160MHz,23.80.0.7,Intel(R) Wi-Fi 6E AX210 160MHz - 23.80.0.7,1815,0,0,4,1815,100.0%
Intel(R) Wi-Fi 6E AX210 160MHz,23.20.1.1,Intel(R) Wi-Fi 6E AX210 160MHz - 23.20.1.1,492,0,0,1,492,100.0%
Intel(R) Wi-Fi 6 AX201 160MHz,22.130.0.5,Intel(R) Wi-Fi 6 AX201 160MHz - 22.130.0.5,74,0,0,1,74,100.0%
Intel(R) Wi-Fi 6E AX210 160MHz,22.200.2.1,Intel(R) Wi-Fi 6E AX210 160MHz - 22.200.2.1,24,0,0,1,24,100.0%
Intel(R) Wi-Fi 6 AX201 160MHz,22.150.0.3,Intel(R) Wi-Fi 6 AX201 160MHz - 22.150.0.3,424,0,0,1,424,100.0%
Intel(R) Wi-Fi 6 AX201 160MHz,23.80.1.3,Intel(R) Wi-Fi 6 AX201 160MHz - 23.80.1.3,2989,0,0,3,2989,100.0%
Intel(R) Wi-Fi 6 AX201 160MHz,22.150.1.1,Intel(R) Wi-Fi 6 AX201 160MHz - 22.150.1.1,1261,0,0,1,1261,100.0%
Intel(R) Wi-Fi 6 AX201 160MHz,23.70.2.3,Intel(R) Wi-Fi 6 AX201 160MHz - 23.70.2.3,179,0,0,2,179,100.0%
Intel(R) Wi-Fi 6 AX201 160MHz,22.160.0.4,Intel(R) Wi-Fi 6 AX201 160MHz - 22.160.0.4,12922,0,0,9,12922,100.0%
Intel(R) Wi-Fi 6 AX201 160MHz,22.170.0.3,Intel(R) Wi-Fi 6 AX201 160MHz - 22.170.0.3,1535,0,0,2,1535,100.0%
Intel(R) Wi-Fi 6 AX201 160MHz,22.180.0.4,Intel(R) Wi-Fi 6 AX201 160MHz - 22.180.0.4,550,0,0,2,550,100.0%
Intel(R) Wi-Fi 6 AX201 160MHz,23.120.0.3,Intel(R) Wi-Fi 6 AX201 160MHz - 23.120.0.3,7878,2,0,9,7880,100.0%
Intel(R) Wi-Fi 6 AX201 160MHz,22.190.0.4,Intel(R) Wi-Fi 6 AX201 160MHz - 22.190.0.4,2343,0,0,3,2343,100.0%
Intel(R) Wi-Fi 6 AX201 160MHz,22.20.0.6,Intel(R) Wi-Fi 6 AX201 160MHz - 22.20.0.6,1683,0,0,3,1683,100.0%
Intel(R) Wi-Fi 6 AX201 160MHz,22.90.0.5,Intel(R) Wi-Fi 6 AX201 160MHz - 22.90.0.5,1440,0,0,1,1440,100.0%
Intel(R) Wi-Fi 6 AX201 160MHz,22.80.1.1,Intel(R) Wi-Fi 6 AX201 160MHz - 22.80.1.1,1117,0,0,1,1117,100.0%
Intel(R) Wi-Fi 6 AX201 160MHz,22.80.0.9,Intel(R) Wi-Fi 6 AX201 160MHz - 22.80.0.9,1059,0,0,1,1059,100.0%
Intel(R) Wi-Fi 6 AX201 160MHz,22.70.0.6,Intel(R) Wi-Fi 6 AX201 160MHz - 22.70.0.6,1086,0,0,2,1086,100.0%
Intel(R) Wi-Fi 6 AX201 160MHz,22.240.0.6,Intel(R) Wi-Fi 6 AX201 160MHz - 22.240.0.6,2254,0,0,2,2254,100.0%
Intel(R) Wi-Fi 6 AX201 160MHz,22.40.0.7,Intel(R) Wi-Fi 6 AX201 160MHz - 22.40.0.7,23270,6,0,46,23276,100.0%
Intel(R) Wi-Fi 6E AX211 160MHz,22.190.0.4,Intel(R) Wi-Fi 6E AX211 160MHz - 22.190.0.4,963,0,0,3,963,100.0%
Intel(R) Wi-Fi 6 AX201 160MHz,22.100.1.1,Intel(R) Wi-Fi 6 AX201 160MHz - 22.100.1.1,1431,0,0,1,1431,100.0%
Intel(R) Wireless-AC 9560 160MHz,21.120.0.9,Intel(R) Wireless-AC 9560 160MHz - 21.120.0.9,112,0,0,1,112,100.0%
Intel(R) Wi-Fi 6 AX200 160MHz,23.90.0.2,Intel(R) Wi-Fi 6 AX200 160MHz - 23.90.0.2,1614,0,0,2,1614,100.0%
Intel(R) Wireless-AC 9560 160MHz,21.110.1.1,Intel(R) Wireless-AC 9560 160MHz - 21.110.1.1,20,0,0,2,20,100.0%
Intel(R) Wi-Fi 6 AX201 160MHz,22.250.0.4,Intel(R) Wi-Fi 6 AX201 160MHz - 22.250.0.4,371,0,0,1,371,100.0%
Intel(R) Wireless-AC 9560,20.40.0.4,Intel(R) Wireless-AC 9560 - 20.40.0.4,602,0,0,1,602,100.0%
Intel(R) Wireless-AC 9260 160MHz,23.80.0.7,Intel(R) Wireless-AC 9260 160MHz - 23.80.0.7,1008,0,0,1,1008,100.0%
Intel(R) Wireless-AC 9260 160MHz,23.50.0.6,Intel(R) Wireless-AC 9260 160MHz - 23.50.0.6,964,0,0,1,964,100.0%
Intel(R) Wireless-AC 9260 160MHz,23.100.0.4,Intel(R) Wireless-AC 9260 160MHz - 23.100.0.4,13857,5,0,11,13862,100.0%
Intel(R) Wireless-AC 9260 160MHz,22.40.0.7,Intel(R) Wireless-AC 9260 160MHz - 22.40.0.7,1343,0,0,2,1343,100.0%
Intel(R) Wireless-AC 9260 160MHz,22.250.1.2,Intel(R) Wireless-AC 9260 160MHz - 22.250.1.2,1395,0,0,1,1395,100.0%
Intel(R) Wireless-AC 9260 160MHz,22.220.0.4,Intel(R) Wireless-AC 9260 160MHz - 22.220.0.4,1439,0,0,1,1439,100.0%
Intel(R) Wireless-AC 9260 160MHz,22.180.0.4,Intel(R) Wireless-AC 9260 160MHz - 22.180.0.4,814,0,0,3,814,100.0%
Intel(R) Wireless-AC 9260 160MHz,21.50.1.1,Intel(R) Wireless-AC 9260 160MHz - 21.50.1.1,3009,0,0,3,3009,100.0%
Intel(R) Wi-Fi 6 AX200 160MHz,21.120.0.9,Intel(R) Wi-Fi 6 AX200 160MHz - 21.120.0.9,1430,0,0,2,1430,100.0%
Intel(R) Wireless-AC 9260,20.70.0.100,Intel(R) Wireless-AC 9260 - 20.70.0.100,1026,0,0,1,1026,100.0%
Intel(R) Wi-Fi 6 AX200 160MHz,21.40.2.2,Intel(R) Wi-Fi 6 AX200 160MHz - 21.40.2.2,401,0,0,1,401,100.0%
Intel(R) Wi-Fi 6 AX200 160MHz,22.10.0.7,Intel(R) Wi-Fi 6 AX200 160MHz - 22.10.0.7,1091,0,0,1,1091,100.0%
Intel(R) Wi-Fi 6E AX211 160MHz,23.80.0.7,Intel(R) Wi-Fi 6E AX211 160MHz - 23.80.0.7,5931,1,0,11,5932,100.0%
Intel(R) Wi-Fi 6E AX211 160MHz,23.70.2.3,Intel(R) Wi-Fi 6E AX211 160MHz - 23.70.2.3,1441,0,0,2,1441,100.0%
Intel(R) Wi-Fi 6 AX200 160MHz,22.110.1.1,Intel(R) Wi-Fi 6 AX200 160MHz - 22.110.1.1,1225,0,0,2,1225,100.0%
Intel(R) Wi-Fi 6 AX200 160MHz,22.160.0.4,Intel(R) Wi-Fi 6 AX200 160MHz - 22.160.0.4,1581,0,0,1,1581,100.0%
Intel(R) Wi-Fi 6 AX200 160MHz,22.190.0.4,Intel(R) Wi-Fi 6 AX200 160MHz - 22.190.0.4,6079,1,0,4,6080,100.0%
Intel(R) Wi-Fi 6 AX200 160MHz,22.230.0.8,Intel(R) Wi-Fi 6 AX200 160MHz - 22.230.0.8,4496,0,0,6,4496,100.0%
Intel(R) Wi-Fi 6 AX200 160MHz,22.250.1.2,Intel(R) Wi-Fi 6 AX200 160MHz - 22.250.1.2,570,0,0,3,570,100.0%
Intel(R) Wi-Fi 6 AX200 160MHz,23.40.0.4,Intel(R) Wi-Fi 6 AX200 160MHz - 23.40.0.4,942,0,0,2,942,100.0%
Intel(R) Centrino(R) Ultimate-N 6300 AGN,15.18.0.1,Intel(R) Centrino(R) Ultimate-N 6300 AGN - 15.18.0.1,1439,0,0,1,1439,100.0%
