Adapter,Driver,Adapter-Driver,Good Sum,Critical Sum,Warning Sum,Client Count,Total Sum,Good Roaming Calculation (%)
Intel(R) Wi-Fi 6 AX201 160MHz,22.130.0.5,Intel(R) Wi-Fi 6 AX201 160MHz - 22.130.0.5,2424,2,0,4,2426,99.9%
Intel(R) Wi-Fi 6E AX211 160MHz,23.80.1.3,Intel(R) Wi-Fi 6E AX211 160MHz - 23.80.1.3,3890,5,0,6,3895,99.9%
Intel(R) Wi-Fi 6E AX211 160MHz,23.20.0.4,Intel(R) Wi-Fi 6E AX211 160MHz - 23.20.0.4,2310,2,0,4,2312,99.9%
Intel(R) Wireless-AC 9560 160MHz,23.90.0.2,Intel(R) Wireless-AC 9560 160MHz - 23.90.0.2,262648,271,0,192,262919,99.9%
Intel(R) Wi-Fi 6E AX211 160MHz,23.20.1.1,Intel(R) Wi-Fi 6E AX211 160MHz - 23.20.1.1,5716,7,0,20,5723,99.9%
Intel(R) Wi-Fi 6E AX211 160MHz,23.30.0.6,Intel(R) Wi-Fi 6E AX211 160MHz - 23.30.0.6,9962,6,0,14,9968,99.9%
Intel(R) Wi-Fi 6 AX200 160MHz,21.60.0.5,Intel(R) Wi-Fi 6 AX200 160MHz - 21.60.0.5,16086,23,0,35,16109,99.9%
Intel(R) Wireless-AC 9260 160MHz,21.110.1.1,Intel(R) Wireless-AC 9260 160MHz - 21.110.1.1,2902,2,0,5,2904,99.9%
Intel(R) Wi-Fi 6 AX200 160MHz,22.170.0.3,Intel(R) Wi-Fi 6 AX200 160MHz - 22.170.0.3,2805,4,0,6,2809,99.9%
Qualcomm FastConnect 6900 Wi-Fi 6E Dual Band Simultaneous (DBS) WiFiCx Network Adapter,2.0.0.1193,Qualcomm FastConnect 6900 Wi-Fi 6E Dual Band Simultaneous (DBS) WiFiCx Network Adapter - 2.0.0.1193,11482,17,0,12,11499,99.9%
Intel(R) Wi-Fi 6E AX210 160MHz,23.40.0.4,Intel(R) Wi-Fi 6E AX210 160MHz - 23.40.0.4,3607,4,0,3,3611,99.9%
Intel(R) Wi-Fi 6E AX211 160MHz,23.80.0.7,Intel(R) Wi-Fi 6E AX211 160MHz - 23.80.0.7,10893,11,0,30,10904,99.9%
Intel(R) Wi-Fi 6 AX201 160MHz,22.0.1.5,Intel(R) Wi-Fi 6 AX201 160MHz - 22.0.1.5,7243,10,0,9,7253,99.9%
Intel(R) Wi-Fi 6 AX201 160MHz,22.100.1.1,Intel(R) Wi-Fi 6 AX201 160MHz - 22.100.1.1,44650,45,0,89,44695,99.9%
MediaTek Wi-Fi 6E MT7922 (RZ616) 160MHz PCIe Adapter,3.4.0.1088,MediaTek Wi-Fi 6E MT7922 (RZ616) 160MHz PCIe Adapter - 3.4.0.1088,1745,1,0,4,1746,99.9%
Intel(R) Wi-Fi 6E AX211 160MHz,23.50.0.6,Intel(R) Wi-Fi 6E AX211 160MHz - 23.50.0.6,2159,3,0,6,2162,99.9%
Intel(R) Wi-Fi 6 AX201 160MHz,22.180.0.4,Intel(R) Wi-Fi 6 AX201 160MHz - 22.180.0.4,6539,5,0,5,6544,99.9%
Intel(R) Wireless-AC 9560 160MHz,21.50.1.1,Intel(R) Wireless-AC 9560 160MHz - 21.50.1.1,2178,2,0,3,2180,99.9%
Intel(R) Dual Band Wireless-AC 8265,20.70.19.1,Intel(R) Dual Band Wireless-AC 8265 - 20.70.19.1,1434,2,0,1,1436,99.9%
Intel(R) Wi-Fi 6 AX200 160MHz,22.40.0.7,Intel(R) Wi-Fi 6 AX200 160MHz - 22.40.0.7,11753,14,0,22,11767,99.9%
Intel(R) Wi-Fi 6E AX211 160MHz,23.120.0.3,Intel(R) Wi-Fi 6E AX211 160MHz - 23.120.0.3,2794,4,0,4,2798,99.9%
Intel(R) Wireless-AC 9462,22.70.0.6,Intel(R) Wireless-AC 9462 - 22.70.0.6,1430,2,0,1,1432,99.9%
Realtek RTL8852BE WiFi 6 802.11ax PCIe Adapter,6001.15.152.0,Realtek RTL8852BE WiFi 6 802.11ax PCIe Adapter - 6001.15.152.0,31853,32,0,62,31885,99.9%
Intel(R) Dual Band Wireless-AC 8260,20.70.2.1,Intel(R) Dual Band Wireless-AC 8260 - 20.70.2.1,4160,4,0,3,4164,99.9%
Intel(R) Wireless-AC 9560 160MHz,22.80.0.9,Intel(R) Wireless-AC 9560 160MHz - 22.80.0.9,1957,1,0,2,1958,99.9%
Intel(R) Wireless-AC 9560 160MHz,21.20.1.1,Intel(R) Wireless-AC 9560 160MHz - 21.20.1.1,64307,54,0,170,64361,99.9%
Intel(R) Dual Band Wireless-AC 8260,20.10.0.6,Intel(R) Dual Band Wireless-AC 8260 - 20.10.0.6,1439,1,0,1,1440,99.9%
Intel(R) Dual Band Wireless-AC 8260,20.70.23.1,Intel(R) Dual Band Wireless-AC 8260 - 20.70.23.1,12506,11,0,9,12517,99.9%
Intel(R) Wi-Fi 6E AX211 160MHz,22.230.0.8,Intel(R) Wi-Fi 6E AX211 160MHz - 22.230.0.8,2608,2,0,10,2610,99.9%
Intel(R) Wireless-AC 9560 160MHz,20.110.0.3,Intel(R) Wireless-AC 9560 160MHz - 20.110.0.3,1549,2,0,3,1551,99.9%
Intel(R) Wireless-AC 9560 160MHz,23.30.0.6,Intel(R) Wireless-AC 9560 160MHz - 23.30.0.6,3799,5,0,7,3804,99.9%
Intel(R) Wi-Fi 6E AX210 160MHz,23.90.0.2,Intel(R) Wi-Fi 6E AX210 160MHz - 23.90.0.2,6343,5,0,8,6348,99.9%
Intel(R) Dual Band Wireless-AC 7265,19.51.30.1,Intel(R) Dual Band Wireless-AC 7265 - 19.51.30.1,3797,3,0,4,3800,99.9%
Intel(R) Dual Band Wireless-AC 7260,18.33.17.1,Intel(R) Dual Band Wireless-AC 7260 - 18.33.17.1,1435,2,0,1,1437,99.9%
Intel(R) Wireless-AC 9560 160MHz,23.40.0.4,Intel(R) Wireless-AC 9560 160MHz - 23.40.0.4,45587,67,0,33,45654,99.9%
Intel(R) Wi-Fi 6 AX201 160MHz,22.0.0.6,Intel(R) Wi-Fi 6 AX201 160MHz - 22.0.0.6,13851,21,0,13,13872,99.8%
Intel(R) Wi-Fi 6 AX200 160MHz,23.10.0.8,Intel(R) Wi-Fi 6 AX200 160MHz - 23.10.0.8,587,1,0,1,588,99.8%
Intel(R) Wi-Fi 6 AX201 160MHz,23.100.0.4,Intel(R) Wi-Fi 6 AX201 160MHz - 23.100.0.4,8775,14,0,7,8789,99.8%
Intel(R) Wi-Fi 6 AX201 160MHz,23.30.0.6,Intel(R) Wi-Fi 6 AX201 160MHz - 23.30.0.6,29874,51,0,61,29925,99.8%
Intel(R) Wi-Fi 6 AX201 160MHz,22.170.2.1,Intel(R) Wi-Fi 6 AX201 160MHz - 22.170.2.1,7217,16,0,13,7233,99.8%
Intel(R) Wi-Fi 6 AX201 160MHz,22.40.0.7,Intel(R) Wi-Fi 6 AX201 160MHz - 22.40.0.7,106352,192,0,254,106544,99.8%
Intel(R) Wi-Fi 6 AX201 160MHz,22.80.1.1,Intel(R) Wi-Fi 6 AX201 160MHz - 22.80.1.1,634,1,0,3,635,99.8%
NETGEAR A8000 WiFi 6 & 6E Adapter,1.0.0.108,NETGEAR A8000 WiFi 6 & 6E Adapter - 1.0.0.108,1738,4,0,1,1742,99.8%
Intel(R) Wi-Fi 6 AX201 160MHz,22.0.1.1,Intel(R) Wi-Fi 6 AX201 160MHz - 22.0.1.1,23290,35,0,65,23325,99.8%
Intel(R) Dual Band Wireless-AC 8260,20.70.12.5,Intel(R) Dual Band Wireless-AC 8260 - 20.70.12.5,3486,8,0,3,3494,99.8%
Intel(R) Wi-Fi 6 AX201 160MHz,21.110.1.1,Intel(R) Wi-Fi 6 AX201 160MHz - 21.110.1.1,43508,85,0,32,43593,99.8%
Intel(R) Wi-Fi 6 AX201 160MHz,22.200.0.6,Intel(R) Wi-Fi 6 AX201 160MHz - 22.200.0.6,2701,9,0,5,2710,99.7%
Intel(R) Wi-Fi 6 AX201 160MHz,22.20.0.6,Intel(R) Wi-Fi 6 AX201 160MHz - 22.20.0.6,14211,48,0,11,14259,99.7%
Intel(R) Wi-Fi 6 AX201 160MHz,23.50.0.6,Intel(R) Wi-Fi 6 AX201 160MHz - 23.50.0.6,3817,13,0,9,3830,99.7%
MediaTek Wi-Fi 6E MT7922 (RZ616) 160MHz PCIe Adapter,3.3.0.824,MediaTek Wi-Fi 6E MT7922 (RZ616) 160MHz PCIe Adapter - 3.3.0.824,2086,7,0,2,2093,99.7%
Intel(R) Wi-Fi 6 AX201 160MHz,22.230.0.8,Intel(R) Wi-Fi 6 AX201 160MHz - 22.230.0.8,17738,53,0,26,17791,99.7%
Intel(R) Wi-Fi 6 AX201 160MHz,22.10.0.7,Intel(R) Wi-Fi 6 AX201 160MHz - 22.10.0.7,38365,110,0,82,38475,99.7%
Realtek 8822CE Wireless LAN 802.11ac PCI-E NIC,2024.0.8.135,Realtek 8822CE Wireless LAN 802.11ac PCI-E NIC - 2024.0.8.135,693,2,0,2,695,99.7%
Killer(R) Wi-Fi 6 AX1650s 160MHz Wireless Network Adapter (201D2W),23.90.0.2,Killer(R) Wi-Fi 6 AX1650s 160MHz Wireless Network Adapter (201D2W) - 23.90.0.2,24231,80,0,23,24311,99.7%
Intel(R) Wi-Fi 6 AX201 160MHz,22.250.0.4,Intel(R) Wi-Fi 6 AX201 160MHz - 22.250.0.4,7158,25,0,6,7183,99.7%
Intel(R) Wi-Fi 6E AX210 160MHz,23.110.0.5,Intel(R) Wi-Fi 6E AX210 160MHz - 23.110.0.5,1092,3,0,4,1095,99.7%
Intel(R) Wireless-AC 9560 160MHz,22.170.0.3,Intel(R) Wireless-AC 9560 160MHz - 22.170.0.3,3811,11,0,7,3822,99.7%
Intel(R) Wi-Fi 6 AX201 160MHz,22.250.1.2,Intel(R) Wi-Fi 6 AX201 160MHz - 22.250.1.2,9223,41,0,12,9264,99.6%
Intel(R) Wi-Fi 6 AX201 160MHz,22.190.0.4,Intel(R) Wi-Fi 6 AX201 160MHz - 22.190.0.4,14844,59,0,42,14903,99.6%
Intel(R) Wi-Fi 6 AX200 160MHz,23.110.0.5,Intel(R) Wi-Fi 6 AX200 160MHz - 23.110.0.5,1938,8,0,4,1946,99.6%
Intel(R) Wi-Fi 6 AX200 160MHz,22.80.1.1,Intel(R) Wi-Fi 6 AX200 160MHz - 22.80.1.1,696,3,0,2,699,99.6%
Intel(R) Wi-Fi 6 AX201 160MHz,22.200.2.1,Intel(R) Wi-Fi 6 AX201 160MHz - 22.200.2.1,23444,98,0,37,23542,99.6%
Intel(R) Wi-Fi 6E AX211 160MHz,23.90.1.3,Intel(R) Wi-Fi 6E AX211 160MHz - 23.90.1.3,564,2,0,2,566,99.6%
Intel(R) Wireless-AC 9560 160MHz,23.80.0.7,Intel(R) Wireless-AC 9560 160MHz - 23.80.0.7,31214,115,0,58,31329,99.6%
Intel(R) Wi-Fi 6 AX201 160MHz,22.250.10.1,Intel(R) Wi-Fi 6 AX201 160MHz - 22.250.10.1,2644,10,0,7,2654,99.6%
Intel(R) Dual Band Wireless-AC 8265,20.70.3.3,Intel(R) Dual Band Wireless-AC 8265 - 20.70.3.3,8280,45,0,6,8325,99.5%
Intel(R) Wi-Fi 6 AX201 160MHz,22.140.0.3,Intel(R) Wi-Fi 6 AX201 160MHz - 22.140.0.3,7325,40,0,9,7365,99.5%
Intel(R) Wi-Fi 6E AX210 160MHz,23.80.0.7,Intel(R) Wi-Fi 6E AX210 160MHz - 23.80.0.7,1289,7,0,8,1296,99.5%
Intel(R) Wi-Fi 6 AX201 160MHz,23.60.1.2,Intel(R) Wi-Fi 6 AX201 160MHz - 23.60.1.2,397978,1842,0,491,399820,99.5%
Intel(R) Wi-Fi 6 AX201 160MHz,23.90.0.2,Intel(R) Wi-Fi 6 AX201 160MHz - 23.90.0.2,1168180,5968,0,1041,1174148,99.5%
Intel(R) Wi-Fi 6E AX211 160MHz,23.60.1.2,Intel(R) Wi-Fi 6E AX211 160MHz - 23.60.1.2,59646,293,0,113,59939,99.5%
Intel(R) Wi-Fi 6 AX200 160MHz,23.80.0.7,Intel(R) Wi-Fi 6 AX200 160MHz - 23.80.0.7,44025,232,0,51,44257,99.5%
Intel(R) Wi-Fi 6 AX201 160MHz,23.80.1.3,Intel(R) Wi-Fi 6 AX201 160MHz - 23.80.1.3,4948,25,0,8,4973,99.5%
Intel(R) Wi-Fi 6 AX200 160MHz,22.240.0.6,Intel(R) Wi-Fi 6 AX200 160MHz - 22.240.0.6,195,1,0,1,196,99.5%
Intel(R) Wi-Fi 6 AX201 160MHz,23.110.0.5,Intel(R) Wi-Fi 6 AX201 160MHz - 23.110.0.5,23330,128,0,54,23458,99.5%
Intel(R) Wi-Fi 6 AX201 160MHz,22.80.0.9,Intel(R) Wi-Fi 6 AX201 160MHz - 22.80.0.9,319,2,0,2,321,99.4%
Intel(R) Dual Band Wireless-AC 8265,20.70.32.1,Intel(R) Dual Band Wireless-AC 8265 - 20.70.32.1,5390,33,0,6,5423,99.4%
Intel(R) Wi-Fi 6E AX211 160MHz,23.90.0.2,Intel(R) Wi-Fi 6E AX211 160MHz - 23.90.0.2,1791828,10880,0,1583,1802708,99.4%
Intel(R) Wi-Fi 6 AX201 160MHz,23.40.1.1,Intel(R) Wi-Fi 6 AX201 160MHz - 23.40.1.1,3247,19,0,5,3266,99.4%
Intel(R) Wi-Fi 6E AX211 160MHz,23.110.0.5,Intel(R) Wi-Fi 6E AX211 160MHz - 23.110.0.5,201012,1226,0,261,202238,99.4%
Intel(R) Wi-Fi 6 AX200 160MHz,23.90.0.2,Intel(R) Wi-Fi 6 AX200 160MHz - 23.90.0.2,116484,742,0,87,117226,99.4%
Intel(R) Wireless-AC 9560 160MHz,22.250.0.4,Intel(R) Wireless-AC 9560 160MHz - 22.250.0.4,42321,246,0,42,42567,99.4%
Intel(R) Wi-Fi 6 AX201 160MHz,23.40.0.4,Intel(R) Wi-Fi 6 AX201 160MHz - 23.40.0.4,153005,1043,0,229,154048,99.3%
Intel(R) Wi-Fi 6 AX201 160MHz,23.20.1.1,Intel(R) Wi-Fi 6 AX201 160MHz - 23.20.1.1,1081,8,0,6,1089,99.3%
Intel(R) Wi-Fi 6 AX201 160MHz,22.60.0.6,Intel(R) Wi-Fi 6 AX201 160MHz - 22.60.0.6,1399,10,0,4,1409,99.3%
Intel(R) Wi-Fi 6 AX201 160MHz,23.20.0.4,Intel(R) Wi-Fi 6 AX201 160MHz - 23.20.0.4,872,6,0,2,878,99.3%
Intel(R) Wi-Fi 6 AX201 160MHz,22.240.0.6,Intel(R) Wi-Fi 6 AX201 160MHz - 22.240.0.6,12497,89,0,37,12586,99.3%
Intel(R) Wireless-AC 9560 160MHz,22.250.1.2,Intel(R) Wireless-AC 9560 160MHz - 22.250.1.2,24680,169,0,20,24849,99.3%
Intel(R) Wireless-AC 9560 160MHz,22.10.0.7,Intel(R) Wireless-AC 9560 160MHz - 22.10.0.7,562,4,0,1,566,99.3%
Intel(R) Wi-Fi 6E AX211 160MHz,22.250.10.1,Intel(R) Wi-Fi 6E AX211 160MHz - 22.250.10.1,3842,29,0,13,3871,99.3%
Intel(R) Wi-Fi 6E AX211 160MHz,23.10.0.8,Intel(R) Wi-Fi 6E AX211 160MHz - 23.10.0.8,1068,9,0,1,1077,99.2%
Intel(R) Wi-Fi 6 AX201 160MHz,21.110.2.1,Intel(R) Wi-Fi 6 AX201 160MHz - 21.110.2.1,475,4,0,1,479,99.2%
Edimax AC1750 Wi-Fi USB Adapter,1030.44.1014.2024,Edimax AC1750 Wi-Fi USB Adapter - 1030.44.1014.2024,1393,11,0,1,1404,99.2%
Fi,16.0 (1657),Fi - 16.0 (1657),48654,421,0,98,49075,99.1%
Intel(R) Wi-Fi 6 AX200 160MHz,23.60.1.2,Intel(R) Wi-Fi 6 AX200 160MHz - 23.60.1.2,12880,115,0,12,12995,99.1%
Intel(R) Wi-Fi 6 AX200 160MHz,21.120.0.9,Intel(R) Wi-Fi 6 AX200 160MHz - 21.120.0.9,4191,38,0,14,4229,99.1%
Intel(R) Wi-Fi 6 AX200 160MHz,22.70.0.6,Intel(R) Wi-Fi 6 AX200 160MHz - 22.70.0.6,214,2,0,3,216,99.1%
Intel(R) Wi-Fi 6E AX210 160MHz,23.60.1.2,Intel(R) Wi-Fi 6E AX210 160MHz - 23.60.1.2,4358,38,0,7,4396,99.1%
Intel(R) Wi-Fi 6 AX201 160MHz,22.120.0.3,Intel(R) Wi-Fi 6 AX201 160MHz - 22.120.0.3,5744,59,0,9,5803,99.0%
Intel(R) Wi-Fi 6E AX211 160MHz,22.200.2.1,Intel(R) Wi-Fi 6E AX211 160MHz - 22.200.2.1,15342,161,0,29,15503,99.0%
Intel(R) Wireless-AC 9560 160MHz,22.240.0.6,Intel(R) Wireless-AC 9560 160MHz - 22.240.0.6,266,3,0,2,269,98.9%
Intel(R) Dual Band Wireless-AC 8265,20.70.18.2,Intel(R) Dual Band Wireless-AC 8265 - 20.70.18.2,14789,197,0,18,14986,98.7%
Intel(R) Wi-Fi 6 AX201 160MHz,23.80.0.7,Intel(R) Wi-Fi 6 AX201 160MHz - 23.80.0.7,155617,2261,0,249,157878,98.6%
Intel(R) Wireless-AC 9560 160MHz,23.20.1.1,Intel(R) Wireless-AC 9560 160MHz - 23.20.1.1,885,13,0,2,898,98.6%
Intel(R) Dual Band Wireless-AC 8260,20.70.18.2,Intel(R) Dual Band Wireless-AC 8260 - 20.70.18.2,5462,80,0,4,5542,98.6%
Intel(R) Wi-Fi 6E AX211 160MHz,22.170.0.3,Intel(R) Wi-Fi 6E AX211 160MHz - 22.170.0.3,5657,88,0,4,5745,98.5%
Intel(R) Wi-Fi 6 AX200 160MHz,21.50.1.1,Intel(R) Wi-Fi 6 AX200 160MHz - 21.50.1.1,509,8,0,1,517,98.5%
Intel(R) Dual Band Wireless-AC 8265,20.70.30.1,Intel(R) Dual Band Wireless-AC 8265 - 20.70.30.1,21238,353,0,38,21591,98.4%
Intel(R) Wi-Fi 6 AX201 160MHz,22.110.1.1,Intel(R) Wi-Fi 6 AX201 160MHz - 22.110.1.1,7959,136,0,25,8095,98.3%
Intel(R) Wi-Fi 6E AX211 160MHz,22.220.1.1,Intel(R) Wi-Fi 6E AX211 160MHz - 22.220.1.1,56459,998,0,41,57457,98.3%
Realtek RTL8852AE WiFi 6 802.11ax PCIe Adapter,6001.10.356.1,Realtek RTL8852AE WiFi 6 802.11ax PCIe Adapter - 6001.10.356.1,71797,1310,0,63,73107,98.2%
Intel(R) Wi-Fi 6 AX201 160MHz,22.100.0.3,Intel(R) Wi-Fi 6 AX201 160MHz - 22.100.0.3,952,22,0,3,974,97.7%
Intel(R) Wireless-AC 9260 160MHz,23.40.0.4,Intel(R) Wireless-AC 9260 160MHz - 23.40.0.4,1394,36,0,1,1430,97.5%
Intel(R) Wi-Fi 6 AX200 160MHz,23.60.0.10,Intel(R) Wi-Fi 6 AX200 160MHz - 23.60.0.10,6412,176,0,10,6588,97.3%
Intel(R) Wi-Fi 6 AX200 160MHz,22.250.0.4,Intel(R) Wi-Fi 6 AX200 160MHz - 22.250.0.4,8354,261,0,6,8615,97.0%
Intel(R) Wi-Fi 6 AX201 160MHz,23.70.2.3,Intel(R) Wi-Fi 6 AX201 160MHz - 23.70.2.3,4124,142,0,9,4266,96.7%
Intel(R) Wi-Fi 6 AX200 160MHz,22.200.2.1,Intel(R) Wi-Fi 6 AX200 160MHz - 22.200.2.1,55,2,0,1,57,96.5%
Intel(R) Wi-Fi 6 AX200 160MHz,23.40.0.4,Intel(R) Wi-Fi 6 AX200 160MHz - 23.40.0.4,18329,661,0,20,18990,96.5%
Intel(R) Wi-Fi 6 AX201 160MHz,22.160.0.3,Intel(R) Wi-Fi 6 AX201 160MHz - 22.160.0.3,1681,66,0,5,1747,96.2%
MediaTek Wi-Fi 6E MT7922 (RZ616) 160MHz PCIe Adapter,3.3.0.897,MediaTek Wi-Fi 6E MT7922 (RZ616) 160MHz PCIe Adapter - 3.3.0.897,2772,110,0,3,2882,96.2%
Realtek 8822CE Wireless LAN 802.11ac PCI-E NIC,2024.10.139.1,Realtek 8822CE Wireless LAN 802.11ac PCI-E NIC - 2024.10.139.1,699,29,0,1,728,96.0%
Intel(R) Wi-Fi 6 AX201 160MHz,22.150.0.3,Intel(R) Wi-Fi 6 AX201 160MHz - 22.150.0.3,16526,713,0,34,17239,95.9%
Intel(R) Wi-Fi 6 AX201 160MHz,23.60.0.10,Intel(R) Wi-Fi 6 AX201 160MHz - 23.60.0.10,12475,686,0,15,13161,94.8%
Intel(R) Wireless-AC 9260 160MHz,23.110.0.5,Intel(R) Wireless-AC 9260 160MHz - 23.110.0.5,738,42,0,1,780,94.6%
Intel(R) Wi-Fi 6 AX201 160MHz,22.50.1.1,Intel(R) Wi-Fi 6 AX201 160MHz - 22.50.1.1,86,5,0,1,91,94.5%
Intel(R) Wi-Fi 6E AX210 160MHz,22.80.0.9,Intel(R) Wi-Fi 6E AX210 160MHz - 22.80.0.9,124,8,0,1,132,93.9%
Intel(R) Dual Band Wireless-AC 8265,20.70.27.1,Intel(R) Dual Band Wireless-AC 8265 - 20.70.27.1,1451,106,0,2,1557,93.2%
Intel(R) Wi-Fi 6 AX201 160MHz,22.160.3.2,Intel(R) Wi-Fi 6 AX201 160MHz - 22.160.3.2,205,17,0,4,222,92.3%
Realtek RTL8852AE WiFi 6 802.11ax PCIe Adapter,6001.10.353.0,Realtek RTL8852AE WiFi 6 802.11ax PCIe Adapter - 6001.10.353.0,2480,264,0,4,2744,90.4%
Intel(R) Wireless-AC 9560 160MHz,23.40.1.1,Intel(R) Wireless-AC 9560 160MHz - 23.40.1.1,18,5,0,1,23,78.3%
Intel(R) Wireless-AC 9560 160MHz,22.150.0.3,Intel(R) Wireless-AC 9560 160MHz - 22.150.0.3,65,0,0,1,65,100.0%
Intel(R) Wireless-AC 9560 160MHz,22.190.0.4,Intel(R) Wireless-AC 9560 160MHz - 22.190.0.4,481,0,0,1,481,100.0%
Intel(R) Wireless-AC 9560 160MHz,22.200.2.1,Intel(R) Wireless-AC 9560 160MHz - 22.200.2.1,1439,0,0,1,1439,100.0%
Intel(R) Wireless-AC 9560 160MHz,21.90.3.2,Intel(R) Wireless-AC 9560 160MHz - 21.90.3.2,56,0,0,1,56,100.0%
Intel(R) Wireless-AC 9560 160MHz,22.60.0.6,Intel(R) Wireless-AC 9560 160MHz - 22.60.0.6,1,0,0,1,1,100.0%
Intel(R) Wireless-AC 9560 160MHz,22.40.0.7,Intel(R) Wireless-AC 9560 160MHz - 22.40.0.7,3399,0,0,3,3399,100.0%
Intel,22.40.0.7,22.40.0.7,270,0,0,1,270,100.0%
Intel(R) Wireless-AC 9560 160MHz,22.80.1.1,Intel(R) Wireless-AC 9560 160MHz - 22.80.1.1,1434,0,0,1,1434,100.0%
Qualcomm FastConnect 6900 Wi-Fi 6E Dual Band Simultaneous (DBS) WiFiCx Network Adapter,2.0.0.1277,Qualcomm FastConnect 6900 Wi-Fi 6E Dual Band Simultaneous (DBS) WiFiCx Network Adapter - 2.0.0.1277,4450,0,0,7,4450,100.0%
Realtek RTL8852BE WiFi 6 802.11ax PCIe Adapter,6001.15.149.100,Realtek RTL8852BE WiFi 6 802.11ax PCIe Adapter - 6001.15.149.100,1385,0,0,1,1385,100.0%
Realtek RTL8852BE WiFi 6 802.11ax PCIe Adapter,6001.15.149.0,Realtek RTL8852BE WiFi 6 802.11ax PCIe Adapter - 6001.15.149.0,1,0,0,1,1,100.0%
Realtek RTL8852BE WiFi 6 802.11ax PCIe Adapter,6001.15.141.0,Realtek RTL8852BE WiFi 6 802.11ax PCIe Adapter - 6001.15.141.0,164,0,0,1,164,100.0%
Realtek RTL8852BE WiFi 6 802.11ax PCIe Adapter,6001.15.135.0,Realtek RTL8852BE WiFi 6 802.11ax PCIe Adapter - 6001.15.135.0,81,0,0,1,81,100.0%
Realtek RTL8852BE WiFi 6 802.11ax PCIe Adapter,6001.15.124.0,Realtek RTL8852BE WiFi 6 802.11ax PCIe Adapter - 6001.15.124.0,78,0,0,1,78,100.0%
Realtek RTL8852AE WiFi 6 802.11ax PCIe Adapter,6001.10.355.0,Realtek RTL8852AE WiFi 6 802.11ax PCIe Adapter - 6001.10.355.0,463,0,0,1,463,100.0%
Realtek RTL8822CE 802.11ac PCIe Adapter,2024.10.227.0,Realtek RTL8822CE 802.11ac PCIe Adapter - 2024.10.227.0,634,0,0,1,634,100.0%
Realtek RTL8822BE 802.11ac PCIe Adapter,2024.0.10.209,Realtek RTL8822BE 802.11ac PCIe Adapter - 2024.0.10.209,1439,0,0,1,1439,100.0%
Realtek RTL8821CE 802.11ac PCIe Adapter,2024.0.10.209,Realtek RTL8821CE 802.11ac PCIe Adapter - 2024.0.10.209,1,0,0,1,1,100.0%
Realtek 8822CE Wireless LAN 802.11ac PCI-E NIC,2024.10.139.3,Realtek 8822CE Wireless LAN 802.11ac PCI-E NIC - 2024.10.139.3,831,0,0,1,831,100.0%
Qualcomm QCA61x4A 802.11ac Wireless Adapter,12.0.0.1118,Qualcomm QCA61x4A 802.11ac Wireless Adapter - 12.0.0.1118,1438,0,0,1,1438,100.0%
Qualcomm FastConnect 7800 Wi-Fi 7 Dual Band Simultaneous (DBS) Network Adapter,1.0.4166.1200,Qualcomm FastConnect 7800 Wi-Fi 7 Dual Band Simultaneous (DBS) Network Adapter - 1.0.4166.1200,660,0,0,1,660,100.0%
Qualcomm FastConnect 6900 Wi-Fi 6E Dual Band Simultaneous (DBS) WiFiCx Network Adapter,2.0.0.1229,Qualcomm FastConnect 6900 Wi-Fi 6E Dual Band Simultaneous (DBS) WiFiCx Network Adapter - 2.0.0.1229,29639,12,0,29,29651,100.0%
Intel(R) Wireless-AC 9560 160MHz,23.110.0.5,Intel(R) Wireless-AC 9560 160MHz - 23.110.0.5,2121,0,0,4,2121,100.0%
Qualcomm FastConnect 6900 Wi-Fi 6E Dual Band Simultaneous (DBS) WDI Network Adapter,1.0.0.1694,Qualcomm FastConnect 6900 Wi-Fi 6E Dual Band Simultaneous (DBS) WDI Network Adapter - 1.0.0.1694,212,0,0,1,212,100.0%
Killer Wi-Fi 6 AX500-DBS Wireless Network Adapter,1.0.0.1769,Killer Wi-Fi 6 AX500-DBS Wireless Network Adapter - 1.0.0.1769,2913,0,0,3,2913,100.0%
Microsoft Wi-Fi Direct Virtual Adapter,10.0.26100.2454,Microsoft Wi-Fi Direct Virtual Adapter - 10.0.26100.2454,1,0,0,1,1,100.0%
Intel(R) Wi-Fi 6 AX200 160MHz,22.0.1.5,Intel(R) Wi-Fi 6 AX200 160MHz - 22.0.1.5,546,0,0,1,546,100.0%
Intel(R) Dual Band Wireless-N 7260,17.15.0.5,Intel(R) Dual Band Wireless-N 7260 - 17.15.0.5,1,0,0,1,1,100.0%
Intel(R) Dual Band Wireless-AC 8260,20.50.0.5,Intel(R) Dual Band Wireless-AC 8260 - 20.50.0.5,4316,0,0,3,4316,100.0%
Intel(R) Dual Band Wireless-AC 7265,19.51.15.3,Intel(R) Dual Band Wireless-AC 7265 - 19.51.15.3,7179,0,0,5,7179,100.0%
MediaTek Wi-Fi 6E MT7922 (RZ616) 160MHz PCIe Adapter,3.3.0.908,MediaTek Wi-Fi 6E MT7922 (RZ616) 160MHz PCIe Adapter - 3.3.0.908,3196,0,0,3,3196,100.0%
MediaTek Wi-Fi 6E MT7922 (RZ616) 160MHz PCIe Adapter,3.3.0.800,MediaTek Wi-Fi 6E MT7922 (RZ616) 160MHz PCIe Adapter - 3.3.0.800,23,0,0,2,23,100.0%
Marvell AVASTAR Wireless-AC Network Controller,15.68.17022.122,Marvell AVASTAR Wireless-AC Network Controller - 15.68.17022.122,330,0,0,2,330,100.0%
Intel(R) Wireless-AC 9560 160MHz,23.60.1.2,Intel(R) Wireless-AC 9560 160MHz - 23.60.1.2,64739,11,0,61,64750,100.0%
Intel(R) Wireless-AC 9560 160MHz,23.120.0.3,Intel(R) Wireless-AC 9560 160MHz - 23.120.0.3,1433,0,0,1,1433,100.0%
Intel(R) Wireless-AC 9560 160MHz,21.80.2.1,Intel(R) Wireless-AC 9560 160MHz - 21.80.2.1,876,0,0,3,876,100.0%
Intel(R) Wi-Fi 6E AX210 160MHz,22.250.1.2,Intel(R) Wi-Fi 6E AX210 160MHz - 22.250.1.2,9,0,0,1,9,100.0%
Intel(R) Wireless-AC 9560 160MHz,21.30.3.2,Intel(R) Wireless-AC 9560 160MHz - 21.30.3.2,2158,0,0,3,2158,100.0%
Intel(R) Wi-Fi 6 AX200 160MHz,21.10.1.2,Intel(R) Wi-Fi 6 AX200 160MHz - 21.10.1.2,1437,0,0,1,1437,100.0%
Intel(R) Wi-Fi 6 AX201 160MHz,21.90.2.1,Intel(R) Wi-Fi 6 AX201 160MHz - 21.90.2.1,1437,0,0,1,1437,100.0%
Intel(R) Wi-Fi 6 AX201 160MHz,21.70.0.6,Intel(R) Wi-Fi 6 AX201 160MHz - 21.70.0.6,1476,0,0,1,1476,100.0%
Intel(R) Wi-Fi 6 AX201 160MHz,21.40.1.3,Intel(R) Wi-Fi 6 AX201 160MHz - 21.40.1.3,18,0,0,1,18,100.0%
Intel(R) Wi-Fi 6 AX200 160MHz,23.20.1.1,Intel(R) Wi-Fi 6 AX200 160MHz - 23.20.1.1,1666,0,0,2,1666,100.0%
Intel(R) Wi-Fi 6 AX200 160MHz,23.120.0.3,Intel(R) Wi-Fi 6 AX200 160MHz - 23.120.0.3,972,0,0,2,972,100.0%
Intel(R) Wi-Fi 6 AX200 160MHz,22.60.0.6,Intel(R) Wi-Fi 6 AX200 160MHz - 22.60.0.6,1436,0,0,1,1436,100.0%
Intel(R) Wi-Fi 6 AX200 160MHz,22.250.1.2,Intel(R) Wi-Fi 6 AX200 160MHz - 22.250.1.2,1696,0,0,3,1696,100.0%
Intel(R) Wi-Fi 6 AX200 160MHz,22.230.0.8,Intel(R) Wi-Fi 6 AX200 160MHz - 22.230.0.8,1436,0,0,1,1436,100.0%
Intel(R) Wi-Fi 6 AX200 160MHz,22.200.0.6,Intel(R) Wi-Fi 6 AX200 160MHz - 22.200.0.6,187,0,0,1,187,100.0%
Intel(R) Wi-Fi 6 AX200 160MHz,22.160.0.4,Intel(R) Wi-Fi 6 AX200 160MHz - 22.160.0.4,689,0,0,1,689,100.0%
Intel(R) Wi-Fi 6 AX200 160MHz,22.150.0.3,Intel(R) Wi-Fi 6 AX200 160MHz - 22.150.0.3,294,0,0,1,294,100.0%
Intel(R) Wi-Fi 6 AX200 160MHz,22.110.1.1,Intel(R) Wi-Fi 6 AX200 160MHz - 22.110.1.1,1437,0,0,1,1437,100.0%
Intel(R) Wi-Fi 6 AX200 160MHz,21.80.2.1,Intel(R) Wi-Fi 6 AX200 160MHz - 21.80.2.1,203,0,0,1,203,100.0%
Intel(R) Dual Band Wireless-AC 8265,22.130.0.5,Intel(R) Dual Band Wireless-AC 8265 - 22.130.0.5,1438,0,0,1,1438,100.0%
Intel(R) Wi-Fi 6 AX201 160MHz,22.170.0.3,Intel(R) Wi-Fi 6 AX201 160MHz - 22.170.0.3,9996,1,0,17,9997,100.0%
Intel(R) Dual Band Wireless-AC 8265,20.70.25.2,Intel(R) Dual Band Wireless-AC 8265 - 20.70.25.2,8928,4,0,10,8932,100.0%
Intel(R) Dual Band Wireless-AC 8265,20.70.21.2,Intel(R) Dual Band Wireless-AC 8265 - 20.70.21.2,16170,4,0,13,16174,100.0%
Intel(R) Dual Band Wireless-AC 8265,20.70.12.5,Intel(R) Dual Band Wireless-AC 8265 - 20.70.12.5,1437,0,0,1,1437,100.0%
Intel(R) Dual Band Wireless-AC 8260,20.70.5.2,Intel(R) Dual Band Wireless-AC 8260 - 20.70.5.2,3035,0,0,4,3035,100.0%
Intel(R) Dual Band Wireless-AC 8260,20.70.32.1,Intel(R) Dual Band Wireless-AC 8260 - 20.70.32.1,2270,0,0,2,2270,100.0%
Intel(R) Dual Band Wireless-AC 8260,20.70.30.1,Intel(R) Dual Band Wireless-AC 8260 - 20.70.30.1,16008,7,0,17,16015,100.0%
Intel(R) Dual Band Wireless-AC 8260,20.70.25.2,Intel(R) Dual Band Wireless-AC 8260 - 20.70.25.2,1420,0,0,1,1420,100.0%
Intel(R) Dual Band Wireless-AC 8260,20.70.21.2,Intel(R) Dual Band Wireless-AC 8260 - 20.70.21.2,1439,0,0,2,1439,100.0%
Intel(R) Dual Band Wireless-AC 7265,19.51.40.1,Intel(R) Dual Band Wireless-AC 7265 - 19.51.40.1,2873,0,0,2,2873,100.0%
Intel(R) Dual Band Wireless-AC 7265,19.51.31.1,Intel(R) Dual Band Wireless-AC 7265 - 19.51.31.1,1434,0,0,1,1434,100.0%
Intel(R) Dual Band Wireless-AC 7265,19.51.14.1,Intel(R) Dual Band Wireless-AC 7265 - 19.51.14.1,1435,0,0,1,1435,100.0%
Intel(R) Dual Band Wireless-AC 3160,18.33.17.1,Intel(R) Dual Band Wireless-AC 3160 - 18.33.17.1,2870,1,0,2,2871,100.0%
Intel,23.80.0.7,23.80.0.7,3214,1,0,3,3215,100.0%
Intel(R) Wi-Fi 6 AX201 160MHz,22.150.1.1,Intel(R) Wi-Fi 6 AX201 160MHz - 22.150.1.1,1440,0,0,1,1440,100.0%
Intel(R) Wi-Fi 6 AX201 160MHz,22.220.0.4,Intel(R) Wi-Fi 6 AX201 160MHz - 22.220.0.4,8645,0,0,7,8645,100.0%
Intel(R) Wireless-AC 9560,20.40.0.4,Intel(R) Wireless-AC 9560 - 20.40.0.4,589,0,0,1,589,100.0%
Intel(R) Wi-Fi 6E AX211 160MHz,22.220.0.4,Intel(R) Wi-Fi 6E AX211 160MHz - 22.220.0.4,639,0,0,1,639,100.0%
Intel(R) Wireless-AC 9560,20.30.4.1,Intel(R) Wireless-AC 9560 - 20.30.4.1,768,0,0,2,768,100.0%
Intel(R) Wireless-AC 9260 160MHz,23.60.1.2,Intel(R) Wireless-AC 9260 160MHz - 23.60.1.2,1435,0,0,1,1435,100.0%
Intel(R) Wireless-AC 9260 160MHz,23.120.0.3,Intel(R) Wireless-AC 9260 160MHz - 23.120.0.3,3832,0,0,3,3832,100.0%
Intel(R) Wireless-AC 9260 160MHz,22.180.0.4,Intel(R) Wireless-AC 9260 160MHz - 22.180.0.4,1334,0,0,1,1334,100.0%
Intel(R) Wi-Fi 6E AX211 160MHz,23.70.2.3,Intel(R) Wi-Fi 6E AX211 160MHz - 23.70.2.3,1829,0,0,6,1829,100.0%
Intel(R) Wi-Fi 6E AX211 160MHz,23.70.0.6,Intel(R) Wi-Fi 6E AX211 160MHz - 23.70.0.6,2338,0,0,3,2338,100.0%
Intel(R) Wi-Fi 6E AX211 160MHz,23.60.0.10,Intel(R) Wi-Fi 6E AX211 160MHz - 23.60.0.10,172,0,0,1,172,100.0%
Intel(R) Wi-Fi 6E AX211 160MHz,23.40.1.1,Intel(R) Wi-Fi 6E AX211 160MHz - 23.40.1.1,2183,0,0,3,2183,100.0%
Intel(R) Wi-Fi 6E AX211 160MHz,23.40.0.4,Intel(R) Wi-Fi 6E AX211 160MHz - 23.40.0.4,4134,1,0,13,4135,100.0%
Intel(R) Wi-Fi 6E AX211 160MHz,23.100.0.4,Intel(R) Wi-Fi 6E AX211 160MHz - 23.100.0.4,3785,0,0,4,3785,100.0%
Intel(R) Wi-Fi 6E AX211 160MHz,22.250.1.2,Intel(R) Wi-Fi 6E AX211 160MHz - 22.250.1.2,864,0,0,3,864,100.0%
Intel(R) Wi-Fi 6E AX211 160MHz,22.250.0.4,Intel(R) Wi-Fi 6E AX211 160MHz - 22.250.0.4,1867,0,0,2,1867,100.0%
Intel(R) Wi-Fi 6E AX211 160MHz,22.240.0.6,Intel(R) Wi-Fi 6E AX211 160MHz - 22.240.0.6,2030,1,0,11,2031,100.0%
Intel(R) Wi-Fi 6E AX211 160MHz,22.200.0.6,Intel(R) Wi-Fi 6E AX211 160MHz - 22.200.0.6,211,0,0,1,211,100.0%
Intel(R) Wi-Fi 6 AX201 160MHz,22.30.0.11,Intel(R) Wi-Fi 6 AX201 160MHz - 22.30.0.11,608,0,0,2,608,100.0%
Intel(R) Wi-Fi 6E AX211 160MHz,22.190.0.4,Intel(R) Wi-Fi 6E AX211 160MHz - 22.190.0.4,68,0,0,1,68,100.0%
Intel(R) Wi-Fi 6E AX211 160MHz,22.150.1.1,Intel(R) Wi-Fi 6E AX211 160MHz - 22.150.1.1,1986,0,0,1,1986,100.0%
Intel(R) Wi-Fi 6E AX211 160MHz,22.130.0.5,Intel(R) Wi-Fi 6E AX211 160MHz - 22.130.0.5,659,0,0,1,659,100.0%
Intel(R) Wi-Fi 6E AX210 160MHz,23.120.0.3,Intel(R) Wi-Fi 6E AX210 160MHz - 23.120.0.3,8075,1,0,8,8076,100.0%
Intel,23.110.0.5,23.110.0.5,1648,0,0,5,1648,100.0%
Intel(R) Wi-Fi 6E AX210 160MHz,22.230.0.8,Intel(R) Wi-Fi 6E AX210 160MHz - 22.230.0.8,1439,0,0,1,1439,100.0%
Intel(R) Wi-Fi 6E AX210 160MHz,22.170.0.3,Intel(R) Wi-Fi 6E AX210 160MHz - 22.170.0.3,15,0,0,1,15,100.0%
Intel(R) Wi-Fi 6E AX210 160MHz,22.150.0.3,Intel(R) Wi-Fi 6E AX210 160MHz - 22.150.0.3,1440,0,0,1,1440,100.0%
Intel(R) Wi-Fi 6 AX201 160MHz #3,22.240.0.6,Intel(R) Wi-Fi 6 AX201 160MHz #3 - 22.240.0.6,66,0,0,1,66,100.0%
Intel(R) Wi-Fi 6 AX201 160MHz,23.120.0.3,Intel(R) Wi-Fi 6 AX201 160MHz - 23.120.0.3,4773,2,0,6,4775,100.0%
Intel(R) Wi-Fi 6 AX201 160MHz,23.10.0.8,Intel(R) Wi-Fi 6 AX201 160MHz - 23.10.0.8,490,0,0,2,490,100.0%
Intel(R) Wi-Fi 6 AX201 160MHz,22.70.0.6,Intel(R) Wi-Fi 6 AX201 160MHz - 22.70.0.6,420,0,0,1,420,100.0%
Intel(R) Wi-Fi 6 AX201 160MHz,22.45.1.1,Intel(R) Wi-Fi 6 AX201 160MHz - 22.45.1.1,106,0,0,1,106,100.0%
"Realtek Semiconductor Co., Ltd. RTL8821CE 802.11ac PCIe Wireless Network Adapter (00)",6.8.0-57-generic,"Realtek Semiconductor Co., Ltd. RTL8821CE 802.11ac PCIe Wireless Network Adapter (00) - 6.8.0-57-generic",517,0,0,1,517,100.0%
