Adapter,Driver,Adapter-Driver,Good Sum,Critical Sum,Warning Sum,Client Count,Total Sum,Good Roaming Calculation (%)
Intel(R) Dual Band Wireless-AC 7260,17.15.0.5,Intel(R) Dual Band Wireless-AC 7260 - 17.15.0.5,5951,3,0,5,5954,99.9%
Intel(R) Wi-Fi 6 AX201 160MHz,22.90.0.5,Intel(R) Wi-Fi 6 AX201 160MHz - 22.90.0.5,2034,3,0,2,2037,99.9%
Intel(R) Wi-Fi 6 AX201 160MHz,22.190.0.4,Intel(R) Wi-Fi 6 AX201 160MHz - 22.190.0.4,10404,12,0,8,10416,99.9%
Intel(R) Wi-Fi 6E AX211 160MHz,23.90.0.2,Intel(R) Wi-Fi 6E AX211 160MHz - 23.90.0.2,867,1,0,2,868,99.9%
Intel(R) Wi-Fi 6E AX211 160MHz,23.120.0.3,Intel(R) Wi-Fi 6E AX211 160MHz - 23.120.0.3,1456,1,0,2,1457,99.9%
Intel(R) Wi-Fi 6E AX211 160MHz,22.190.0.4,Intel(R) Wi-Fi 6E AX211 160MHz - 22.190.0.4,2398,5,0,2,2403,99.8%
Intel(R) Wi-Fi 6 AX201 160MHz,21.90.2.1,Intel(R) Wi-Fi 6 AX201 160MHz - 21.90.2.1,4622,8,0,5,4630,99.8%
Intel(R) Wireless-AC 9560 160MHz,23.60.1.2,Intel(R) Wireless-AC 9560 160MHz - 23.60.1.2,9830,19,0,8,9849,99.8%
Intel(R) Dual Band Wireless-AC 7260,18.33.17.1,Intel(R) Dual Band Wireless-AC 7260 - 18.33.17.1,5848,11,0,5,5859,99.8%
Intel(R) Wireless-AC 9560 160MHz,21.40.1.4,Intel(R) Wireless-AC 9560 160MHz - 21.40.1.4,1285,2,0,1,1287,99.8%
Intel(R) Wi-Fi 6E AX211 160MHz,23.60.1.2,Intel(R) Wi-Fi 6E AX211 160MHz - 23.60.1.2,4216,8,0,7,4224,99.8%
Intel(R) Wi-Fi 6E AX211 160MHz,22.100.1.1,Intel(R) Wi-Fi 6E AX211 160MHz - 22.100.1.1,6047,23,0,5,6070,99.6%
Intel(R) Wi-Fi 6 AX201 160MHz,22.80.1.1,Intel(R) Wi-Fi 6 AX201 160MHz - 22.80.1.1,10121,68,0,10,10189,99.3%
Intel(R) Dual Band Wireless-AC 8265,20.70.30.1,Intel(R) Dual Band Wireless-AC 8265 - 20.70.30.1,1410,24,0,1,1434,98.3%
MediaTek MT7921 Wi-Fi 6 802.11ax PCIe Adapter,3.0.1.1297,MediaTek MT7921 Wi-Fi 6 802.11ax PCIe Adapter - 3.0.1.1297,1375,60,0,1,1435,95.8%
Intel(R) Wi-Fi 6 AX201 160MHz,23.90.0.2,Intel(R) Wi-Fi 6 AX201 160MHz - 23.90.0.2,385,714,0,3,1099,35.0%
Intel(R) Dual Band Wireless-AC 7260,18.33.14.3,Intel(R) Dual Band Wireless-AC 7260 - 18.33.14.3,1022,0,0,1,1022,100.0%
Intel(R) Wi-Fi 6E AX211 160MHz,23.110.0.5,Intel(R) Wi-Fi 6E AX211 160MHz - 23.110.0.5,1800,0,0,2,1800,100.0%
Intel(R) Wi-Fi 6 AX201 160MHz,23.80.0.7,Intel(R) Wi-Fi 6 AX201 160MHz - 23.80.0.7,975,0,0,1,975,100.0%
Intel(R) Wireless-AC 9560 160MHz,22.200.2.1,Intel(R) Wireless-AC 9560 160MHz - 22.200.2.1,1030,0,0,1,1030,100.0%
Intel(R) Wireless-AC 9560 160MHz,22.50.0.7,Intel(R) Wireless-AC 9560 160MHz - 22.50.0.7,31338,7,0,25,31345,100.0%
Intel(R) Wireless-AC 9560 160MHz,21.10.2.2,Intel(R) Wireless-AC 9560 160MHz - 21.10.2.2,211,0,0,1,211,100.0%
Intel(R) Wireless-AC 9260 160MHz,23.60.1.2,Intel(R) Wireless-AC 9260 160MHz - 23.60.1.2,1367,0,0,1,1367,100.0%
Intel(R) Wi-Fi 6 AX201 160MHz,23.100.0.4,Intel(R) Wi-Fi 6 AX201 160MHz - 23.100.0.4,193,0,0,1,193,100.0%
Intel(R) Wi-Fi 6 AX201 160MHz,23.60.1.2,Intel(R) Wi-Fi 6 AX201 160MHz - 23.60.1.2,17,0,0,1,17,100.0%
Intel(R) Wi-Fi 6 AX201 160MHz,22.150.0.3,Intel(R) Wi-Fi 6 AX201 160MHz - 22.150.0.3,5149,1,0,4,5150,100.0%
Intel(R) Dual Band Wireless-AC 8265,20.70.9.1,Intel(R) Dual Band Wireless-AC 8265 - 20.70.9.1,1437,0,0,1,1437,100.0%
Intel(R) Wi-Fi 6 AX200 160MHz,22.0.1.1,Intel(R) Wi-Fi 6 AX200 160MHz - 22.0.1.1,46,0,0,1,46,100.0%
Intel(R) Wi-Fi 6 AX200 160MHz,22.220.0.4,Intel(R) Wi-Fi 6 AX200 160MHz - 22.220.0.4,1019,0,0,1,1019,100.0%
Intel(R) Wi-Fi 6 AX201 160MHz,22.0.1.1,Intel(R) Wi-Fi 6 AX201 160MHz - 22.0.1.1,1,0,0,1,1,100.0%
Intel(R) Wi-Fi 6 AX201 160MHz,22.10.0.7,Intel(R) Wi-Fi 6 AX201 160MHz - 22.10.0.7,971,0,0,1,971,100.0%
Intel(R) Wi-Fi 6 AX201 160MHz,22.110.1.1,Intel(R) Wi-Fi 6 AX201 160MHz - 22.110.1.1,1430,0,0,1,1430,100.0%
Intel(R) Wi-Fi 6 AX201 160MHz,22.160.0.4,Intel(R) Wi-Fi 6 AX201 160MHz - 22.160.0.4,975,0,0,1,975,100.0%
Intel(R) Wi-Fi 6 AX201 160MHz,23.40.0.4,Intel(R) Wi-Fi 6 AX201 160MHz - 23.40.0.4,3865,0,0,3,3865,100.0%
Intel(R) Wi-Fi 6 AX201 160MHz,22.200.2.1,Intel(R) Wi-Fi 6 AX201 160MHz - 22.200.2.1,1397,0,0,1,1397,100.0%
Intel(R) Wi-Fi 6 AX201 160MHz,22.240.0.6,Intel(R) Wi-Fi 6 AX201 160MHz - 22.240.0.6,2147,0,0,3,2147,100.0%
Intel(R) Wi-Fi 6 AX201 160MHz,22.250.1.2,Intel(R) Wi-Fi 6 AX201 160MHz - 22.250.1.2,3789,0,0,4,3789,100.0%
Intel(R) Wi-Fi 6 AX201 160MHz,22.250.10.1,Intel(R) Wi-Fi 6 AX201 160MHz - 22.250.10.1,315,0,0,1,315,100.0%
Intel(R) Wi-Fi 6 AX201 160MHz,22.40.0.7,Intel(R) Wi-Fi 6 AX201 160MHz - 22.40.0.7,6996,0,0,4,6996,100.0%
Intel(R) Wi-Fi 6 AX201 160MHz,23.30.0.6,Intel(R) Wi-Fi 6 AX201 160MHz - 23.30.0.6,218,0,0,1,218,100.0%
Realtek RTL8822BE 802.11ac PCIe Adapter,2024.0.10.209,Realtek RTL8822BE 802.11ac PCIe Adapter - 2024.0.10.209,8,0,0,1,8,100.0%
