Adapter,Driver,Adapter-Driver,Good Sum,Critical Sum,Warning Sum,Client Count,Total Sum,Good Roaming Calculation (%)
Intel(R) Wi-Fi 6 AX201 160MHz,22.250.0.4,Intel(R) Wi-Fi 6 AX201 160MHz - 22.250.0.4,7140,4,0,5,7144,99.9%
Intel(R) Dual Band Wireless-AC 8260,20.70.25.2,Intel(R) Dual Band Wireless-AC 8260 - 20.70.25.2,761,1,0,2,762,99.9%
Intel(R) Wi-Fi 6 AX201 160MHz,22.100.1.1,Intel(R) Wi-Fi 6 AX201 160MHz - 22.100.1.1,40402,55,0,85,40457,99.9%
Intel(R) Wi-Fi 6 AX200 160MHz,22.40.0.7,Intel(R) Wi-Fi 6 AX200 160MHz - 22.40.0.7,15641,17,0,24,15658,99.9%
Intel(R) Wi-Fi 6 AX201 160MHz,22.20.0.6,Intel(R) Wi-Fi 6 AX201 160MHz - 22.20.0.6,12841,18,0,9,12859,99.9%
Intel(R) Wi-Fi 6 AX200 160MHz,22.250.0.4,Intel(R) Wi-Fi 6 AX200 160MHz - 22.250.0.4,7719,4,0,6,7723,99.9%
Intel(R) Wi-Fi 6 AX201 160MHz,22.40.0.7,Intel(R) Wi-Fi 6 AX201 160MHz - 22.40.0.7,98211,143,0,273,98354,99.9%
Intel(R) Dual Band Wireless-AC 7265,19.51.15.3,Intel(R) Dual Band Wireless-AC 7265 - 19.51.15.3,7647,8,0,6,7655,99.9%
Intel(R) Wi-Fi 6 AX201 160MHz,22.60.1.2,Intel(R) Wi-Fi 6 AX201 160MHz - 22.60.1.2,9212,7,0,27,9219,99.9%
Intel(R) Wi-Fi 6 AX200 160MHz,21.120.0.9,Intel(R) Wi-Fi 6 AX200 160MHz - 21.120.0.9,6569,6,0,13,6575,99.9%
Intel(R) Dual Band Wireless-AC 7260,18.33.17.1,Intel(R) Dual Band Wireless-AC 7260 - 18.33.17.1,1439,1,0,1,1440,99.9%
Intel(R) Wi-Fi 6E AX211 160MHz,22.130.0.5,Intel(R) Wi-Fi 6E AX211 160MHz - 22.130.0.5,18665,23,0,67,18688,99.9%
Intel(R) Wi-Fi 6E AX211 160MHz,22.170.0.3,Intel(R) Wi-Fi 6E AX211 160MHz - 22.170.0.3,5669,3,0,4,5672,99.9%
Intel(R) Dual Band Wireless-AC 8265,20.70.12.5,Intel(R) Dual Band Wireless-AC 8265 - 20.70.12.5,1437,2,0,1,1439,99.9%
Intel(R) Wi-Fi 6E AX210 160MHz,22.230.0.8,Intel(R) Wi-Fi 6E AX210 160MHz - 22.230.0.8,1433,2,0,1,1435,99.9%
Intel(R) Wireless-AC 9560 160MHz,22.240.0.6,Intel(R) Wireless-AC 9560 160MHz - 22.240.0.6,1440,1,0,2,1441,99.9%
Realtek RTL8852BE WiFi 6 802.11ax PCIe Adapter,6001.15.152.0,Realtek RTL8852BE WiFi 6 802.11ax PCIe Adapter - 6001.15.152.0,21807,25,0,46,21832,99.9%
Intel(R) Wireless-AC 9260 160MHz,21.110.1.1,Intel(R) Wireless-AC 9260 160MHz - 21.110.1.1,3467,2,0,5,3469,99.9%
Realtek RTL8852AE WiFi 6 802.11ax PCIe Adapter,6001.10.356.1,Realtek RTL8852AE WiFi 6 802.11ax PCIe Adapter - 6001.10.356.1,63063,126,0,60,63189,99.8%
Intel(R) Wi-Fi 6E AX211 160MHz,23.80.1.3,Intel(R) Wi-Fi 6E AX211 160MHz - 23.80.1.3,3485,6,0,6,3491,99.8%
Intel(R) Wi-Fi 6 AX200 160MHz,23.60.1.2,Intel(R) Wi-Fi 6 AX200 160MHz - 23.60.1.2,5790,10,0,7,5800,99.8%
Intel(R) Wi-Fi 6 AX201 160MHz,21.40.1.3,Intel(R) Wi-Fi 6 AX201 160MHz - 21.40.1.3,1987,4,0,1,1991,99.8%
Intel(R) Wi-Fi 6 AX201 160MHz,22.0.1.1,Intel(R) Wi-Fi 6 AX201 160MHz - 22.0.1.1,17891,35,0,57,17926,99.8%
Qualcomm FastConnect 6900 Wi-Fi 6E Dual Band Simultaneous (DBS) WiFiCx Network Adapter,2.0.0.1193,Qualcomm FastConnect 6900 Wi-Fi 6E Dual Band Simultaneous (DBS) WiFiCx Network Adapter - 2.0.0.1193,11066,22,0,11,11088,99.8%
Intel(R) Wi-Fi 6 AX201 160MHz,22.110.1.1,Intel(R) Wi-Fi 6 AX201 160MHz - 22.110.1.1,4276,7,0,18,4283,99.8%
Intel(R) Wi-Fi 6 AX201 160MHz,22.180.0.4,Intel(R) Wi-Fi 6 AX201 160MHz - 22.180.0.4,4056,8,0,5,4064,99.8%
Intel(R) Wi-Fi 6 AX201 160MHz,22.230.0.8,Intel(R) Wi-Fi 6 AX201 160MHz - 22.230.0.8,1906,3,0,4,1909,99.8%
Intel(R) Wi-Fi 6 AX200 160MHz,22.230.0.8,Intel(R) Wi-Fi 6 AX200 160MHz - 22.230.0.8,422,1,0,1,423,99.8%
Intel(R) Wi-Fi 6 AX201 160MHz,22.250.1.2,Intel(R) Wi-Fi 6 AX201 160MHz - 22.250.1.2,10585,25,0,20,10610,99.8%
Intel(R) Wi-Fi 6E AX211 160MHz,23.90.0.2,Intel(R) Wi-Fi 6E AX211 160MHz - 23.90.0.2,27043,46,0,57,27089,99.8%
Intel(R) Wi-Fi 6 AX201 160MHz,21.110.2.1,Intel(R) Wi-Fi 6 AX201 160MHz - 21.110.2.1,415,1,0,1,416,99.8%
Intel(R) Wi-Fi 6E AX211 160MHz,23.80.0.7,Intel(R) Wi-Fi 6E AX211 160MHz - 23.80.0.7,4001,7,0,18,4008,99.8%
Intel(R) Wi-Fi 6E AX211 160MHz,22.240.0.6,Intel(R) Wi-Fi 6E AX211 160MHz - 22.240.0.6,4624,8,0,7,4632,99.8%
Intel(R) Wi-Fi 6 AX201 160MHz,23.40.1.1,Intel(R) Wi-Fi 6 AX201 160MHz - 23.40.1.1,2522,6,0,2,2528,99.8%
Intel(R) Wi-Fi 6E AX211 160MHz,23.20.0.4,Intel(R) Wi-Fi 6E AX211 160MHz - 23.20.0.4,1332,3,0,2,1335,99.8%
Intel(R) Wi-Fi 6 AX201 160MHz,23.60.0.10,Intel(R) Wi-Fi 6 AX201 160MHz - 23.60.0.10,576,1,0,3,577,99.8%
Intel(R) Wi-Fi 6E AX211 160MHz,22.190.0.4,Intel(R) Wi-Fi 6E AX211 160MHz - 22.190.0.4,2429,5,0,6,2434,99.8%
Intel(R) Wi-Fi 6 AX201 160MHz,23.90.0.2,Intel(R) Wi-Fi 6 AX201 160MHz - 23.90.0.2,163034,393,0,194,163427,99.8%
Intel(R) Wi-Fi 6E AX211 160MHz,23.60.1.2,Intel(R) Wi-Fi 6E AX211 160MHz - 23.60.1.2,27106,48,0,75,27154,99.8%
Intel(R) Wi-Fi 6E AX211 160MHz,23.40.0.4,Intel(R) Wi-Fi 6E AX211 160MHz - 23.40.0.4,1582,4,0,11,1586,99.7%
Intel(R) Wi-Fi 6E AX210 160MHz,23.90.0.2,Intel(R) Wi-Fi 6E AX210 160MHz - 23.90.0.2,2667,9,0,6,2676,99.7%
Intel(R) Wi-Fi 6 AX201 160MHz,23.120.0.3,Intel(R) Wi-Fi 6 AX201 160MHz - 23.120.0.3,31770,84,0,64,31854,99.7%
Intel(R) Wi-Fi 6 AX201 160MHz,21.110.1.1,Intel(R) Wi-Fi 6 AX201 160MHz - 21.110.1.1,75116,248,0,109,75364,99.7%
Intel(R) Wi-Fi 6 AX201 160MHz,22.70.0.6,Intel(R) Wi-Fi 6 AX201 160MHz - 22.70.0.6,1138,3,0,5,1141,99.7%
Intel(R) Wireless-AC 9462,22.70.0.6,Intel(R) Wireless-AC 9462 - 22.70.0.6,1431,4,0,1,1435,99.7%
Intel(R) Wi-Fi 6 AX201 160MHz,23.60.1.2,Intel(R) Wi-Fi 6 AX201 160MHz - 23.60.1.2,154676,480,0,279,155156,99.7%
Intel(R) Wireless-AC 9560 160MHz,23.80.0.7,Intel(R) Wireless-AC 9560 160MHz - 23.80.0.7,12261,37,0,29,12298,99.7%
Intel(R) Wi-Fi 6E AX211 160MHz,23.10.0.8,Intel(R) Wi-Fi 6E AX211 160MHz - 23.10.0.8,684,2,0,1,686,99.7%
Intel(R) Wireless-AC 9560 160MHz,23.40.0.4,Intel(R) Wireless-AC 9560 160MHz - 23.40.0.4,42957,118,0,30,43075,99.7%
Fi,16.0 (1657),Fi - 16.0 (1657),33784,98,0,73,33882,99.7%
Intel(R) Dual Band Wireless-AC 8265,20.70.26.2,Intel(R) Dual Band Wireless-AC 8265 - 20.70.26.2,1147,3,0,3,1150,99.7%
Intel(R) Dual Band Wireless-AC 8260,20.70.2.1,Intel(R) Dual Band Wireless-AC 8260 - 20.70.2.1,4406,14,0,4,4420,99.7%
Intel(R) Wi-Fi 6 AX200 160MHz,23.40.0.4,Intel(R) Wi-Fi 6 AX200 160MHz - 23.40.0.4,14057,38,0,25,14095,99.7%
Intel(R) Dual Band Wireless-AC 8265,20.70.19.1,Intel(R) Dual Band Wireless-AC 8265 - 20.70.19.1,1430,5,0,1,1435,99.7%
Intel(R) Wireless-AC 9560 160MHz,22.170.0.3,Intel(R) Wireless-AC 9560 160MHz - 22.170.0.3,1942,7,0,3,1949,99.6%
Intel(R) Dual Band Wireless-AC 7265,19.51.40.1,Intel(R) Dual Band Wireless-AC 7265 - 19.51.40.1,2860,12,0,2,2872,99.6%
Intel(R) Wi-Fi 6 AX201 160MHz,22.0.0.6,Intel(R) Wi-Fi 6 AX201 160MHz - 22.0.0.6,12723,48,0,15,12771,99.6%
Realtek RTL8822CE 802.11ac PCIe Adapter,2024.10.229.0,Realtek RTL8822CE 802.11ac PCIe Adapter - 2024.10.229.0,742,3,0,1,745,99.6%
Intel(R) Wi-Fi 6 AX200 160MHz,23.110.0.5,Intel(R) Wi-Fi 6 AX200 160MHz - 23.110.0.5,3776,16,0,2,3792,99.6%
Realtek RTL8852BE WiFi 6 802.11ax PCIe Adapter,6001.15.123.330,Realtek RTL8852BE WiFi 6 802.11ax PCIe Adapter - 6001.15.123.330,1279,7,0,1,1286,99.5%
Intel(R) Wi-Fi 6E AX211 160MHz,23.110.0.5,Intel(R) Wi-Fi 6E AX211 160MHz - 23.110.0.5,138150,679,0,227,138829,99.5%
Intel(R) Wi-Fi 6E AX211 160MHz,22.220.0.4,Intel(R) Wi-Fi 6E AX211 160MHz - 22.220.0.4,1014,5,0,1,1019,99.5%
Intel(R) Wi-Fi 6 AX200 160MHz,23.90.0.2,Intel(R) Wi-Fi 6 AX200 160MHz - 23.90.0.2,114779,618,0,85,115397,99.5%
Intel(R) Wi-Fi 6 AX200 160MHz,23.60.0.10,Intel(R) Wi-Fi 6 AX200 160MHz - 23.60.0.10,3026,14,0,8,3040,99.5%
Intel(R) Wi-Fi 6 AX201 160MHz,22.10.0.7,Intel(R) Wi-Fi 6 AX201 160MHz - 22.10.0.7,42508,196,0,96,42704,99.5%
Intel(R) Wi-Fi 6 AX201 160MHz,22.250.10.1,Intel(R) Wi-Fi 6 AX201 160MHz - 22.250.10.1,10239,60,0,17,10299,99.4%
Intel(R) Wi-Fi 6E AX211 160MHz,23.40.1.1,Intel(R) Wi-Fi 6E AX211 160MHz - 23.40.1.1,1079,7,0,2,1086,99.4%
Intel(R) Wi-Fi 6 AX200 160MHz,22.240.0.6,Intel(R) Wi-Fi 6 AX200 160MHz - 22.240.0.6,528,3,0,1,531,99.4%
Intel(R) Wi-Fi 6 AX200 160MHz,21.50.1.1,Intel(R) Wi-Fi 6 AX200 160MHz - 21.50.1.1,670,5,0,1,675,99.3%
Intel(R) Wireless-AC 9560 160MHz,22.250.1.2,Intel(R) Wireless-AC 9560 160MHz - 22.250.1.2,30497,202,0,24,30699,99.3%
Intel(R) Wi-Fi 6 AX201 160MHz,23.80.0.7,Intel(R) Wi-Fi 6 AX201 160MHz - 23.80.0.7,78666,579,0,155,79245,99.3%
Intel(R) Wi-Fi 6 AX201 160MHz,22.240.0.6,Intel(R) Wi-Fi 6 AX201 160MHz - 22.240.0.6,5186,36,0,18,5222,99.3%
Intel(R) Wi-Fi 6E AX211 160MHz,22.170.2.1,Intel(R) Wi-Fi 6E AX211 160MHz - 22.170.2.1,57362,423,0,207,57785,99.3%
Intel(R) Wi-Fi 6 AX201 160MHz,23.40.0.4,Intel(R) Wi-Fi 6 AX201 160MHz - 23.40.0.4,88658,681,0,157,89339,99.2%
Intel(R) Dual Band Wireless-AC 8260,20.10.0.6,Intel(R) Dual Band Wireless-AC 8260 - 20.10.0.6,1422,11,0,1,1433,99.2%
Intel(R) Dual Band Wireless-AC 8260,20.70.23.1,Intel(R) Dual Band Wireless-AC 8260 - 20.70.23.1,13868,115,0,11,13983,99.2%
Intel(R) Wi-Fi 6 AX201 160MHz,23.80.1.3,Intel(R) Wi-Fi 6 AX201 160MHz - 23.80.1.3,4234,38,0,3,4272,99.1%
Intel(R) Dual Band Wireless-AC 8260,20.70.32.1,Intel(R) Dual Band Wireless-AC 8260 - 20.70.32.1,7827,72,0,9,7899,99.1%
Intel(R) Wi-Fi 6 AX201 160MHz,22.190.0.4,Intel(R) Wi-Fi 6 AX201 160MHz - 22.190.0.4,6536,68,0,25,6604,99.0%
Intel(R) Wi-Fi 6 AX201 160MHz,23.30.0.6,Intel(R) Wi-Fi 6 AX201 160MHz - 23.30.0.6,21679,216,0,44,21895,99.0%
Intel(R) Wi-Fi 6 AX201 160MHz,22.160.0.3,Intel(R) Wi-Fi 6 AX201 160MHz - 22.160.0.3,59906,615,0,181,60521,99.0%
Intel(R) Wi-Fi 6 AX201 160MHz,23.110.0.5,Intel(R) Wi-Fi 6 AX201 160MHz - 23.110.0.5,33831,363,0,68,34194,98.9%
Intel(R) Wi-Fi 6E AX211 160MHz,22.150.1.1,Intel(R) Wi-Fi 6E AX211 160MHz - 22.150.1.1,90,1,0,1,91,98.9%
Intel(R) Wi-Fi 6 AX201 160MHz,22.130.0.5,Intel(R) Wi-Fi 6 AX201 160MHz - 22.130.0.5,4154,48,0,6,4202,98.9%
Intel(R) Wi-Fi 6 AX200 160MHz,22.170.0.3,Intel(R) Wi-Fi 6 AX200 160MHz - 22.170.0.3,4143,49,0,14,4192,98.8%
Intel(R) Wi-Fi 6 AX201 160MHz,22.80.1.1,Intel(R) Wi-Fi 6 AX201 160MHz - 22.80.1.1,1521,18,0,3,1539,98.8%
Intel(R) Wi-Fi 6 AX200 160MHz,23.80.0.7,Intel(R) Wi-Fi 6 AX200 160MHz - 23.80.0.7,35574,447,0,46,36021,98.8%
Intel(R) Dual Band Wireless-AC 7265,19.51.42.2,Intel(R) Dual Band Wireless-AC 7265 - 19.51.42.2,15666,227,0,35,15893,98.6%
Intel(R) Wi-Fi 6E AX211 160MHz,22.220.1.1,Intel(R) Wi-Fi 6E AX211 160MHz - 22.220.1.1,51042,704,0,41,51746,98.6%
Intel(R) Dual Band Wireless-AC 8265,20.70.18.2,Intel(R) Dual Band Wireless-AC 8265 - 20.70.18.2,16907,251,0,19,17158,98.5%
Intel(R) Wi-Fi 6E AX210 160MHz,23.60.1.2,Intel(R) Wi-Fi 6E AX210 160MHz - 23.60.1.2,4412,75,0,5,4487,98.3%
Intel(R) Wi-Fi 6E AX211 160MHz,23.20.1.1,Intel(R) Wi-Fi 6E AX211 160MHz - 23.20.1.1,5417,91,0,19,5508,98.3%
Intel(R) Wi-Fi 6 AX201 160MHz,22.100.0.3,Intel(R) Wi-Fi 6 AX201 160MHz - 22.100.0.3,380,7,0,2,387,98.2%
Intel(R) Wi-Fi 6E AX211 160MHz,22.200.2.1,Intel(R) Wi-Fi 6E AX211 160MHz - 22.200.2.1,26006,484,0,65,26490,98.2%
Intel(R) Wi-Fi 6E AX211 160MHz,22.230.0.8,Intel(R) Wi-Fi 6E AX211 160MHz - 22.230.0.8,1786,34,0,11,1820,98.1%
Killer(R) Wi-Fi 6 AX1650s 160MHz Wireless Network Adapter (201D2W),23.90.0.2,Killer(R) Wi-Fi 6 AX1650s 160MHz Wireless Network Adapter (201D2W) - 23.90.0.2,4843,95,0,9,4938,98.1%
MediaTek Wi-Fi 6E MT7922 (RZ616) 160MHz PCIe Adapter,3.3.0.824,MediaTek Wi-Fi 6E MT7922 (RZ616) 160MHz PCIe Adapter - 3.3.0.824,154,3,0,2,157,98.1%
Intel(R) Wi-Fi 6 AX201 160MHz,22.80.0.9,Intel(R) Wi-Fi 6 AX201 160MHz - 22.80.0.9,255,5,0,1,260,98.1%
Intel(R) Wi-Fi 6 AX201 160MHz,23.20.1.1,Intel(R) Wi-Fi 6 AX201 160MHz - 23.20.1.1,2640,60,0,9,2700,97.8%
Intel(R) Wi-Fi 6 AX201 160MHz,22.170.2.1,Intel(R) Wi-Fi 6 AX201 160MHz - 22.170.2.1,153196,3468,0,382,156664,97.8%
Intel(R) Wi-Fi 6 AX201 160MHz,22.200.0.6,Intel(R) Wi-Fi 6 AX201 160MHz - 22.200.0.6,1887,48,0,6,1935,97.5%
Intel(R) Dual Band Wireless-AC 8265,20.70.30.1,Intel(R) Dual Band Wireless-AC 8265 - 20.70.30.1,21997,569,0,39,22566,97.5%
Intel(R) Dual Band Wireless-AC 8260,20.70.18.2,Intel(R) Dual Band Wireless-AC 8260 - 20.70.18.2,7180,216,0,5,7396,97.1%
Intel(R) Wireless-AC 9260 160MHz,23.40.0.4,Intel(R) Wireless-AC 9260 160MHz - 23.40.0.4,1383,43,0,1,1426,97.0%
Intel(R) Dual Band Wireless-AC 7265,19.51.48.1,Intel(R) Dual Band Wireless-AC 7265 - 19.51.48.1,3882,139,0,3,4021,96.5%
Intel(R) Wi-Fi 6 AX200 160MHz,22.70.0.6,Intel(R) Wi-Fi 6 AX200 160MHz - 22.70.0.6,583,22,0,2,605,96.4%
Intel(R) Wi-Fi 6 AX201 160MHz,22.120.0.3,Intel(R) Wi-Fi 6 AX201 160MHz - 22.120.0.3,5266,221,0,9,5487,96.0%
Intel(R) Dual Band Wireless-AC 7260,17.15.0.5,Intel(R) Dual Band Wireless-AC 7260 - 17.15.0.5,2414,113,0,2,2527,95.5%
Intel(R) Wi-Fi 6 AX201 160MHz,22.200.2.1,Intel(R) Wi-Fi 6 AX201 160MHz - 22.200.2.1,24937,1176,0,41,26113,95.5%
Intel(R) Wireless-AC 9560 160MHz,23.40.1.1,Intel(R) Wireless-AC 9560 160MHz - 23.40.1.1,54,3,0,1,57,94.7%
Intel(R) Wi-Fi 6E AX211 160MHz,22.250.1.2,Intel(R) Wi-Fi 6E AX211 160MHz - 22.250.1.2,141,9,0,3,150,94.0%
Intel(R) Dual Band Wireless-AC 8265,20.70.32.1,Intel(R) Dual Band Wireless-AC 8265 - 20.70.32.1,6601,472,0,12,7073,93.3%
Realtek RTL8852AE WiFi 6 802.11ax PCIe Adapter,6001.10.356.0,Realtek RTL8852AE WiFi 6 802.11ax PCIe Adapter - 6001.10.356.0,1316,122,0,1,1438,91.5%
Intel(R) Wi-Fi 6 AX200 160MHz,21.60.0.5,Intel(R) Wi-Fi 6 AX200 160MHz - 21.60.0.5,11005,1176,0,41,12181,90.3%
Intel(R) Dual Band Wireless-AC 8265,20.70.27.1,Intel(R) Dual Band Wireless-AC 8265 - 20.70.27.1,1236,137,0,1,1373,90.0%
Intel(R) Wi-Fi 6 AX201 160MHz,22.60.0.6,Intel(R) Wi-Fi 6 AX201 160MHz - 22.60.0.6,9,1,0,1,10,90.0%
Intel(R) Wi-Fi 6 AX201 160MHz,22.220.1.1,Intel(R) Wi-Fi 6 AX201 160MHz - 22.220.1.1,2603,300,0,3,2903,89.7%
Intel(R) Wi-Fi 6E AX210 160MHz,23.80.0.7,Intel(R) Wi-Fi 6E AX210 160MHz - 23.80.0.7,68,8,0,1,76,89.5%
Intel(R) Wi-Fi 6 AX201 160MHz,22.160.3.2,Intel(R) Wi-Fi 6 AX201 160MHz - 22.160.3.2,256,31,0,2,287,89.2%
Intel(R) Wi-Fi 6 AX201 160MHz,22.150.0.3,Intel(R) Wi-Fi 6 AX201 160MHz - 22.150.0.3,10610,1334,0,29,11944,88.8%
MediaTek MT7921 Wi-Fi 6 802.11ax PCIe Adapter,3.0.1.1255,MediaTek MT7921 Wi-Fi 6 802.11ax PCIe Adapter - 3.0.1.1255,157,21,0,2,178,88.2%
MediaTek MT7921 Wi-Fi 6 802.11ax PCIe Adapter,3.0.1.1327,MediaTek MT7921 Wi-Fi 6 802.11ax PCIe Adapter - 3.0.1.1327,269,47,0,4,316,85.1%
Intel(R) Wi-Fi 6 AX200 160MHz,22.250.1.2,Intel(R) Wi-Fi 6 AX200 160MHz - 22.250.1.2,1207,250,0,3,1457,82.8%
Intel(R) Dual Band Wireless-AC 8260,20.70.3.3,Intel(R) Dual Band Wireless-AC 8260 - 20.70.3.3,251,0,0,1,251,100.0%
MediaTek Wi-Fi 6E MT7922 (RZ616) 160MHz PCIe Adapter,3.3.0.908,MediaTek Wi-Fi 6E MT7922 (RZ616) 160MHz PCIe Adapter - 3.3.0.908,194,0,0,1,194,100.0%
Intel(R) Dual Band Wireless-AC 8265,20.70.3.3,Intel(R) Dual Band Wireless-AC 8265 - 20.70.3.3,435,0,0,1,435,100.0%
Intel(R) Wireless-AC 9560 160MHz,23.70.2.3,Intel(R) Wireless-AC 9560 160MHz - 23.70.2.3,4,0,0,1,4,100.0%
Intel(R) Wireless-AC 9560 160MHz,23.60.1.2,Intel(R) Wireless-AC 9560 160MHz - 23.60.1.2,1656,0,0,3,1656,100.0%
Realtek 8822CE Wireless LAN 802.11ac PCI-E NIC,2024.0.8.140,Realtek 8822CE Wireless LAN 802.11ac PCI-E NIC - 2024.0.8.140,61,0,0,1,61,100.0%
Realtek RTL8822CE 802.11ac PCIe Adapter,2024.10.228.3,Realtek RTL8822CE 802.11ac PCIe Adapter - 2024.10.228.3,29,0,0,1,29,100.0%
Realtek RTL8852BE WiFi 6 802.11ax PCIe Adapter,6001.15.149.100,Realtek RTL8852BE WiFi 6 802.11ax PCIe Adapter - 6001.15.149.100,1150,0,0,1,1150,100.0%
MediaTek Wi-Fi 6 MT7921 Wireless LAN Card,3.3.3.854,MediaTek Wi-Fi 6 MT7921 Wireless LAN Card - 3.3.3.854,487,0,0,1,487,100.0%
Intel(R) Wireless-AC 9560 160MHz,23.30.0.6,Intel(R) Wireless-AC 9560 160MHz - 23.30.0.6,2490,0,0,6,2490,100.0%
Intel(R) Wireless-AC 9560 160MHz,23.120.0.3,Intel(R) Wireless-AC 9560 160MHz - 23.120.0.3,1441,0,0,2,1441,100.0%
Intel(R) Wireless-AC 9560 160MHz,23.110.0.5,Intel(R) Wireless-AC 9560 160MHz - 23.110.0.5,4017,0,0,5,4017,100.0%
Intel(R) Wireless-AC 9560 160MHz,22.80.1.1,Intel(R) Wireless-AC 9560 160MHz - 22.80.1.1,1436,0,0,1,1436,100.0%
Intel(R) Wireless-AC 9560 160MHz,22.40.0.7,Intel(R) Wireless-AC 9560 160MHz - 22.40.0.7,4716,0,0,6,4716,100.0%
TP-Link Wireless USB Adapter,1030.44.1014.2024,TP-Link Wireless USB Adapter - 1030.44.1014.2024,3198,0,0,1,3198,100.0%
Intel(R) Wireless-AC 9560 160MHz,22.190.0.4,Intel(R) Wireless-AC 9560 160MHz - 22.190.0.4,614,0,0,2,614,100.0%
MediaTek Wi-Fi 6E MT7922 (RZ616) 160MHz PCIe Adapter,3.3.0.800,MediaTek Wi-Fi 6E MT7922 (RZ616) 160MHz PCIe Adapter - 3.3.0.800,1,0,0,1,1,100.0%
MediaTek Wi-Fi 6 MT7921 Wireless LAN Card,24.40.2.575,MediaTek Wi-Fi 6 MT7921 Wireless LAN Card - 24.40.2.575,23597,4,0,25,23601,100.0%
Realtek RTL8852BE WiFi 6 802.11ax PCIe Adapter,6001.15.149.0,Realtek RTL8852BE WiFi 6 802.11ax PCIe Adapter - 6001.15.149.0,1,0,0,1,1,100.0%
Qualcomm FastConnect 6900 Wi-Fi 6E Dual Band Simultaneous (DBS) WiFiCx Network Adapter,2.0.0.1277,Qualcomm FastConnect 6900 Wi-Fi 6E Dual Band Simultaneous (DBS) WiFiCx Network Adapter - 2.0.0.1277,3570,0,0,5,3570,100.0%
Intel(R) Wireless-AC 9560 160MHz,22.160.0.3,Intel(R) Wireless-AC 9560 160MHz - 22.160.0.3,25,0,0,1,25,100.0%
Intel(R) Dual Band Wireless-AC 8260,20.50.0.5,Intel(R) Dual Band Wireless-AC 8260 - 20.50.0.5,3732,0,0,3,3732,100.0%
Realtek 8811CU Wireless LAN 802.11ac USB NIC,1030.44.1014.2024,Realtek 8811CU Wireless LAN 802.11ac USB NIC - 1030.44.1014.2024,1348,0,0,1,1348,100.0%
MediaTek MT7921 Wi-Fi 6 802.11ax PCIe Adapter,3.3.0.426,MediaTek MT7921 Wi-Fi 6 802.11ax PCIe Adapter - 3.3.0.426,2,0,0,1,2,100.0%
Qualcomm FastConnect 6900 Wi-Fi 6E Dual Band Simultaneous (DBS) WiFiCx Network Adapter,2.0.0.1229,Qualcomm FastConnect 6900 Wi-Fi 6E Dual Band Simultaneous (DBS) WiFiCx Network Adapter - 2.0.0.1229,31955,8,0,29,31963,100.0%
Intel(R) Dual Band Wireless-AC 8265,20.50.0.5,Intel(R) Dual Band Wireless-AC 8265 - 20.50.0.5,706,0,0,1,706,100.0%
MediaTek MT7921 Wi-Fi 6 802.11ax PCIe Adapter,3.0.1.1317,MediaTek MT7921 Wi-Fi 6 802.11ax PCIe Adapter - 3.0.1.1317,2583,1,0,11,2584,100.0%
Realtek RTL8822CE 802.11ac PCIe Adapter,2024.10.227.0,Realtek RTL8822CE 802.11ac PCIe Adapter - 2024.10.227.0,1072,0,0,1,1072,100.0%
MediaTek MT7921 Wi-Fi 6 802.11ax PCIe Adapter,3.0.1.1303,MediaTek MT7921 Wi-Fi 6 802.11ax PCIe Adapter - 3.0.1.1303,185,0,0,2,185,100.0%
Realtek RTL8822CE 802.11ac PCIe Adapter,2024.10.228.7,Realtek RTL8822CE 802.11ac PCIe Adapter - 2024.10.228.7,662,0,0,1,662,100.0%
Intel(R) Wi-Fi 6 AX201 160MHz,22.0.1.5,Intel(R) Wi-Fi 6 AX201 160MHz - 22.0.1.5,8751,3,0,9,8754,100.0%
MediaTek MT7921 Wi-Fi 6 802.11ax PCIe Adapter,3.0.1.1297,MediaTek MT7921 Wi-Fi 6 802.11ax PCIe Adapter - 3.0.1.1297,70,0,0,2,70,100.0%
Qualcomm FastConnect 6900 Wi-Fi 6E Dual Band Simultaneous (DBS) WDI Network Adapter,1.0.0.1694,Qualcomm FastConnect 6900 Wi-Fi 6E Dual Band Simultaneous (DBS) WDI Network Adapter - 1.0.0.1694,1439,0,0,1,1439,100.0%
Qualcomm FastConnect 6900 Wi-Fi 6E Dual Band Simultaneous (DBS) WiFiCx Network Adapter,2.0.0.1152,Qualcomm FastConnect 6900 Wi-Fi 6E Dual Band Simultaneous (DBS) WiFiCx Network Adapter - 2.0.0.1152,544,0,0,1,544,100.0%
Marvell AVASTAR Wireless-AC Network Controller,15.68.17022.122,Marvell AVASTAR Wireless-AC Network Controller - 15.68.17022.122,16,0,0,1,16,100.0%
Qualcomm FastConnect 6900 Wi-Fi 6E Dual Band Simultaneous (DBS) WDI Network Adapter,1.0.0.1671,Qualcomm FastConnect 6900 Wi-Fi 6E Dual Band Simultaneous (DBS) WDI Network Adapter - 1.0.0.1671,129,0,0,1,129,100.0%
Intel(R) Dual Band Wireless-AC 3160,18.33.17.1,Intel(R) Dual Band Wireless-AC 3160 - 18.33.17.1,1436,0,0,1,1436,100.0%
Intel(R) Wireless-AC 9560 160MHz,22.120.0.3,Intel(R) Wireless-AC 9560 160MHz - 22.120.0.3,967,0,0,1,967,100.0%
Intel(R) Wireless-AC 9560 160MHz,22.110.1.1,Intel(R) Wireless-AC 9560 160MHz - 22.110.1.1,157,0,0,1,157,100.0%
Intel(R) Wi-Fi 6 AX201 160MHz,22.50.1.1,Intel(R) Wi-Fi 6 AX201 160MHz - 22.50.1.1,1111,0,0,1,1111,100.0%
Intel(R) Wi-Fi 6 AX201 160MHz,22.45.1.1,Intel(R) Wi-Fi 6 AX201 160MHz - 22.45.1.1,1,0,0,1,1,100.0%
Intel(R) Wi-Fi 6 AX201 160MHz,22.30.0.11,Intel(R) Wi-Fi 6 AX201 160MHz - 22.30.0.11,17787,1,0,33,17788,100.0%
Intel(R) Wi-Fi 6 AX201 160MHz,22.220.0.4,Intel(R) Wi-Fi 6 AX201 160MHz - 22.220.0.4,8198,0,0,8,8198,100.0%
Intel(R) Wi-Fi 6 AX201 160MHz,22.170.0.3,Intel(R) Wi-Fi 6 AX201 160MHz - 22.170.0.3,7857,0,0,13,7857,100.0%
Intel(R) Wi-Fi 6 AX201 160MHz,22.140.0.3,Intel(R) Wi-Fi 6 AX201 160MHz - 22.140.0.3,2910,0,0,4,2910,100.0%
Intel(R) Wi-Fi 6 AX201 160MHz,21.90.2.1,Intel(R) Wi-Fi 6 AX201 160MHz - 21.90.2.1,1439,0,0,1,1439,100.0%
Intel(R) Wi-Fi 6 AX201 160MHz,21.80.2.1,Intel(R) Wi-Fi 6 AX201 160MHz - 21.80.2.1,4506,0,0,13,4506,100.0%
Intel(R) Wi-Fi 6 AX201 160MHz,21.70.0.6,Intel(R) Wi-Fi 6 AX201 160MHz - 21.70.0.6,515,0,0,1,515,100.0%
Intel(R) Wi-Fi 6 AX200 160MHz,23.20.1.1,Intel(R) Wi-Fi 6 AX200 160MHz - 23.20.1.1,1439,0,0,1,1439,100.0%
Intel(R) Wi-Fi 6 AX200 160MHz,23.120.0.3,Intel(R) Wi-Fi 6 AX200 160MHz - 23.120.0.3,5149,0,0,5,5149,100.0%
Intel(R) Wi-Fi 6 AX200 160MHz,22.200.0.6,Intel(R) Wi-Fi 6 AX200 160MHz - 22.200.0.6,1,0,0,1,1,100.0%
Intel(R) Wi-Fi 6 AX200 160MHz,22.110.1.1,Intel(R) Wi-Fi 6 AX200 160MHz - 22.110.1.1,1435,0,0,1,1435,100.0%
Intel(R) Wi-Fi 6 AX200 160MHz,21.40.2.2,Intel(R) Wi-Fi 6 AX200 160MHz - 21.40.2.2,309,0,0,1,309,100.0%
Intel(R) Wi-Fi 6 AX200 160MHz,21.10.1.2,Intel(R) Wi-Fi 6 AX200 160MHz - 21.10.1.2,2293,0,0,1,2293,100.0%
Intel(R) Dual Band Wireless-AC 8265,22.130.0.5,Intel(R) Dual Band Wireless-AC 8265 - 22.130.0.5,1436,0,0,1,1436,100.0%
Intel(R) Dual Band Wireless-AC 8265,20.70.25.2,Intel(R) Dual Band Wireless-AC 8265 - 20.70.25.2,9885,1,0,13,9886,100.0%
Intel(R) Dual Band Wireless-AC 8265,20.70.21.2,Intel(R) Dual Band Wireless-AC 8265 - 20.70.21.2,14056,0,0,12,14056,100.0%
Intel(R) Dual Band Wireless-AC 8260,20.70.5.2,Intel(R) Dual Band Wireless-AC 8260 - 20.70.5.2,1825,0,0,2,1825,100.0%
Intel(R) Dual Band Wireless-AC 8260,20.70.30.1,Intel(R) Dual Band Wireless-AC 8260 - 20.70.30.1,14858,6,0,16,14864,100.0%
Intel(R) Dual Band Wireless-AC 8260,20.70.21.2,Intel(R) Dual Band Wireless-AC 8260 - 20.70.21.2,1494,0,0,3,1494,100.0%
Intel(R) Dual Band Wireless-AC 8260,20.70.12.5,Intel(R) Dual Band Wireless-AC 8260 - 20.70.12.5,2866,0,0,2,2866,100.0%
Intel(R) Dual Band Wireless-AC 7265,19.51.31.1,Intel(R) Dual Band Wireless-AC 7265 - 19.51.31.1,1435,0,0,1,1435,100.0%
Intel(R) Dual Band Wireless-AC 7265,19.51.30.1,Intel(R) Dual Band Wireless-AC 7265 - 19.51.30.1,4595,2,0,4,4597,100.0%
Intel(R) Dual Band Wireless-AC 7265,19.51.14.1,Intel(R) Dual Band Wireless-AC 7265 - 19.51.14.1,1435,0,0,1,1435,100.0%
Intel(R) Wi-Fi 6 AX201 160MHz,22.90.0.5,Intel(R) Wi-Fi 6 AX201 160MHz - 22.90.0.5,1436,0,0,1,1436,100.0%
Intel(R) Wi-Fi 6 AX201 160MHz,23.100.0.4,Intel(R) Wi-Fi 6 AX201 160MHz - 23.100.0.4,6843,0,0,6,6843,100.0%
Intel(R) Wireless-AC 9260 160MHz,22.180.0.4,Intel(R) Wireless-AC 9260 160MHz - 22.180.0.4,42,0,0,1,42,100.0%
Intel(R) Wireless-AC 9260 160MHz,22.230.0.8,Intel(R) Wireless-AC 9260 160MHz - 22.230.0.8,206,0,0,1,206,100.0%
Intel(R) Wireless-AC 9560 160MHz,22.10.0.7,Intel(R) Wireless-AC 9560 160MHz - 22.10.0.7,69,0,0,1,69,100.0%
Intel(R) Wireless-AC 9560 160MHz,21.80.2.1,Intel(R) Wireless-AC 9560 160MHz - 21.80.2.1,649,0,0,3,649,100.0%
Intel(R) Wireless-AC 9560 160MHz,21.40.2.2,Intel(R) Wireless-AC 9560 160MHz - 21.40.2.2,685,0,0,5,685,100.0%
Intel(R) Wireless-AC 9560 160MHz,21.30.3.2,Intel(R) Wireless-AC 9560 160MHz - 21.30.3.2,1908,0,0,2,1908,100.0%
Intel(R) Wireless-AC 9560 160MHz,21.120.0.9,Intel(R) Wireless-AC 9560 160MHz - 21.120.0.9,305,0,0,1,305,100.0%
Intel(R) Wireless-AC 9560 160MHz,21.110.3.2,Intel(R) Wireless-AC 9560 160MHz - 21.110.3.2,1439,0,0,1,1439,100.0%
Intel(R) Wireless-AC 9560 160MHz,21.110.1.1,Intel(R) Wireless-AC 9560 160MHz - 21.110.1.1,1772,0,0,4,1772,100.0%
Intel(R) Wireless-AC 9560 160MHz,21.10.0.5,Intel(R) Wireless-AC 9560 160MHz - 21.10.0.5,2146,0,0,7,2146,100.0%
Intel(R) Wireless-AC 9560 160MHz,20.110.0.3,Intel(R) Wireless-AC 9560 160MHz - 20.110.0.3,1739,0,0,4,1739,100.0%
Intel(R) Wireless-AC 9260 160MHz,23.120.0.3,Intel(R) Wireless-AC 9260 160MHz - 23.120.0.3,13,0,0,1,13,100.0%
Intel(R) Wireless-AC 9260 160MHz,22.250.1.2,Intel(R) Wireless-AC 9260 160MHz - 22.250.1.2,536,0,0,1,536,100.0%
Intel(R) Wi-Fi 6E AX210 160MHz,23.110.0.5,Intel(R) Wi-Fi 6E AX210 160MHz - 23.110.0.5,3383,0,0,8,3383,100.0%
Intel(R) Wi-Fi 6E AX210 160MHz,22.170.0.3,Intel(R) Wi-Fi 6E AX210 160MHz - 22.170.0.3,9,0,0,1,9,100.0%
Intel(R) Wireless-AC 9260 160MHz,22.140.0.3,Intel(R) Wireless-AC 9260 160MHz - 22.140.0.3,269,0,0,1,269,100.0%
Intel(R) Wi-Fi 6E AX211 160MHz,23.70.0.6,Intel(R) Wi-Fi 6E AX211 160MHz - 23.70.0.6,1411,0,0,2,1411,100.0%
Intel(R) Wi-Fi 6E AX211 160MHz,23.60.0.10,Intel(R) Wi-Fi 6E AX211 160MHz - 23.60.0.10,458,0,0,2,458,100.0%
Intel(R) Wi-Fi 6E AX211 160MHz,23.30.0.6,Intel(R) Wi-Fi 6E AX211 160MHz - 23.30.0.6,6093,0,0,4,6093,100.0%
Intel(R) Wi-Fi 6E AX211 160MHz,23.120.0.3,Intel(R) Wi-Fi 6E AX211 160MHz - 23.120.0.3,2599,0,0,6,2599,100.0%
Intel(R) Wi-Fi 6E AX211 160MHz,23.100.0.4,Intel(R) Wi-Fi 6E AX211 160MHz - 23.100.0.4,1443,0,0,2,1443,100.0%
Intel(R) Wi-Fi 6E AX211 160MHz,22.250.10.1,Intel(R) Wi-Fi 6E AX211 160MHz - 22.250.10.1,1886,0,0,7,1886,100.0%
Intel(R) Wi-Fi 6E AX211 160MHz,22.250.0.4,Intel(R) Wi-Fi 6E AX211 160MHz - 22.250.0.4,1439,0,0,1,1439,100.0%
Intel(R) Wi-Fi 6E AX210 160MHz,23.40.0.4,Intel(R) Wi-Fi 6E AX210 160MHz - 23.40.0.4,1332,0,0,1,1332,100.0%
Intel(R) Wi-Fi 6E AX210 160MHz,22.250.1.2,Intel(R) Wi-Fi 6E AX210 160MHz - 22.250.1.2,45,0,0,1,45,100.0%
Intel(R) Wi-Fi 6E AX210 160MHz,22.230.1.1,Intel(R) Wi-Fi 6E AX210 160MHz - 22.230.1.1,1018,0,0,1,1018,100.0%
MediaTek Wi-Fi 6E MT7922 (RZ616) 160MHz PCIe Adapter,3.3.0.897,MediaTek Wi-Fi 6E MT7922 (RZ616) 160MHz PCIe Adapter - 3.3.0.897,0,1,0,1,1,0.0%
