Adapter,Driver,Adapter-Driver,Good Sum,Critical Sum,Warning Sum,Client Count,Total Sum,Good Roaming Calculation (%)
Intel(R) Wi-Fi 6E AX211 160MHz,22.170.0.3,Intel(R) Wi-Fi 6E AX211 160MHz - 22.170.0.3,6275,7,0,5,6282,99.9%
Intel(R) Wi-Fi 6E AX211 160MHz,22.100.1.1,Intel(R) Wi-Fi 6E AX211 160MHz - 22.100.1.1,7334,5,0,6,7339,99.9%
Intel(R) Wi-Fi 6 AX201 160MHz,23.20.0.4,Intel(R) Wi-Fi 6 AX201 160MHz - 23.20.0.4,7006,5,0,6,7011,99.9%
Intel(R) Wi-Fi 6 AX201 160MHz,21.90.2.1,Intel(R) Wi-Fi 6 AX201 160MHz - 21.90.2.1,33050,43,0,27,33093,99.9%
Intel(R) Wireless-AC 9560 160MHz,22.250.0.4,Intel(R) Wireless-AC 9560 160MHz - 22.250.0.4,45523,67,0,43,45590,99.9%
Intel(R) Wireless-AC 9560 160MHz,21.20.1.1,Intel(R) Wireless-AC 9560 160MHz - 21.20.1.1,182999,209,0,172,183208,99.9%
Intel(R) Wi-Fi 6E AX210 160MHz,23.40.0.4,Intel(R) Wi-Fi 6E AX210 160MHz - 23.40.0.4,1478,1,0,2,1479,99.9%
Intel(R) Wireless-AC 9462,22.70.0.6,Intel(R) Wireless-AC 9462 - 22.70.0.6,1415,1,0,1,1416,99.9%
Intel(R) Dual Band Wireless-AC 8265,20.70.24.1,Intel(R) Dual Band Wireless-AC 8265 - 20.70.24.1,20628,25,0,20,20653,99.9%
Intel(R) Dual Band Wireless-AC 8265,20.70.25.2,Intel(R) Dual Band Wireless-AC 8265 - 20.70.25.2,27030,33,0,37,27063,99.9%
Intel(R) Dual Band Wireless-AC 8265,20.70.26.2,Intel(R) Dual Band Wireless-AC 8265 - 20.70.26.2,5691,5,0,8,5696,99.9%
Intel(R) Wireless-AC 9260 160MHz,23.50.0.6,Intel(R) Wireless-AC 9260 160MHz - 23.50.0.6,7093,6,0,5,7099,99.9%
Intel(R) Dual Band Wireless-AC 8265,20.70.30.1,Intel(R) Dual Band Wireless-AC 8265 - 20.70.30.1,40585,41,0,63,40626,99.9%
Intel(R) Wi-Fi 6 AX201 160MHz,22.10.0.7,Intel(R) Wi-Fi 6 AX201 160MHz - 22.10.0.7,48472,45,0,99,48517,99.9%
Intel(R) Wireless-AC 9260 160MHz,22.90.0.5,Intel(R) Wireless-AC 9260 160MHz - 22.90.0.5,61076,87,0,43,61163,99.9%
Intel(R) Wi-Fi 6E AX211 160MHz,22.250.0.4,Intel(R) Wi-Fi 6E AX211 160MHz - 22.250.0.4,24769,30,0,35,24799,99.9%
Intel(R) Dual Band Wireless-AC 8265,21.120.0.9,Intel(R) Dual Band Wireless-AC 8265 - 21.120.0.9,1437,2,0,1,1439,99.9%
Intel(R) Wireless-AC 9260 160MHz,22.250.1.2,Intel(R) Wireless-AC 9260 160MHz - 22.250.1.2,26772,32,0,18,26804,99.9%
Intel(R) Wi-Fi 6 AX200 160MHz,21.110.1.1,Intel(R) Wi-Fi 6 AX200 160MHz - 21.110.1.1,28244,21,0,47,28265,99.9%
Intel(R) Wi-Fi 6E AX211 160MHz,23.10.0.8,Intel(R) Wi-Fi 6E AX211 160MHz - 23.10.0.8,10321,6,0,8,10327,99.9%
Intel(R) Wi-Fi 6E AX211 160MHz,23.20.0.4,Intel(R) Wi-Fi 6E AX211 160MHz - 23.20.0.4,3395,3,0,5,3398,99.9%
Intel(R) Wireless-AC 9260 160MHz,22.170.0.3,Intel(R) Wireless-AC 9260 160MHz - 22.170.0.3,24351,36,0,19,24387,99.9%
Intel(R) Wi-Fi 6 AX200 160MHz,21.60.0.5,Intel(R) Wi-Fi 6 AX200 160MHz - 21.60.0.5,33986,32,0,74,34018,99.9%
Intel(R) Wi-Fi 6 AX200 160MHz,22.190.0.4,Intel(R) Wi-Fi 6 AX200 160MHz - 22.190.0.4,5707,4,0,4,5711,99.9%
Intel(R) Wi-Fi 6 AX201 160MHz,22.0.1.1,Intel(R) Wi-Fi 6 AX201 160MHz - 22.0.1.1,69192,39,0,124,69231,99.9%
Intel(R) Wireless-AC 9560 160MHz,23.20.1.1,Intel(R) Wireless-AC 9560 160MHz - 23.20.1.1,1485,1,0,2,1486,99.9%
Intel(R) Wireless-AC 9560 160MHz,23.90.0.2,Intel(R) Wireless-AC 9560 160MHz - 23.90.0.2,269539,218,0,198,269757,99.9%
Intel(R) Wi-Fi 6 AX201 160MHz,23.10.0.8,Intel(R) Wi-Fi 6 AX201 160MHz - 23.10.0.8,5599,3,0,7,5602,99.9%
Realtek RTL8852BE WiFi 6 802.11ax PCIe Adapter,6001.15.152.0,Realtek RTL8852BE WiFi 6 802.11ax PCIe Adapter - 6001.15.152.0,29287,27,0,63,29314,99.9%
Intel(R) Wi-Fi 6 AX201 160MHz,22.170.2.1,Intel(R) Wi-Fi 6 AX201 160MHz - 22.170.2.1,49530,74,0,54,49604,99.9%
Realtek RTL8852BE WiFi 6 802.11ax PCIe Adapter,6001.15.135.0,Realtek RTL8852BE WiFi 6 802.11ax PCIe Adapter - 6001.15.135.0,6665,4,0,7,6669,99.9%
Realtek RTL8852BE WiFi 6 802.11ax PCIe Adapter,6001.15.128.0,Realtek RTL8852BE WiFi 6 802.11ax PCIe Adapter - 6001.15.128.0,2323,3,0,4,2326,99.9%
Intel(R) Wi-Fi 6 AX201 160MHz,22.80.1.1,Intel(R) Wi-Fi 6 AX201 160MHz - 22.80.1.1,110399,112,0,89,110511,99.9%
Qualcomm QCA61x4A 802.11ac Wireless Adapter,12.0.0.1272,Qualcomm QCA61x4A 802.11ac Wireless Adapter - 12.0.0.1272,21604,16,0,27,21620,99.9%
Qualcomm QCA61x4A 802.11ac Wireless Adapter,12.0.0.1118,Qualcomm QCA61x4A 802.11ac Wireless Adapter - 12.0.0.1118,35300,25,0,34,35325,99.9%
Qualcomm FastConnect 6900 Wi-Fi 6E Dual Band Simultaneous (DBS) WiFiCx Network Adapter,2.0.0.1277,Qualcomm FastConnect 6900 Wi-Fi 6E Dual Band Simultaneous (DBS) WiFiCx Network Adapter - 2.0.0.1277,2612,3,0,7,2615,99.9%
Intel(R) Dual Band Wireless-AC 8260,20.70.24.1,Intel(R) Dual Band Wireless-AC 8260 - 20.70.24.1,1439,1,0,1,1440,99.9%
Qualcomm FastConnect 6900 Wi-Fi 6E Dual Band Simultaneous (DBS) WiFiCx Network Adapter,2.0.0.1193,Qualcomm FastConnect 6900 Wi-Fi 6E Dual Band Simultaneous (DBS) WiFiCx Network Adapter - 2.0.0.1193,5512,7,0,7,5519,99.9%
Intel(R) Wi-Fi 6 AX201 160MHz,22.150.1.1,Intel(R) Wi-Fi 6 AX201 160MHz - 22.150.1.1,4974,3,0,3,4977,99.9%
Intel(R) Wi-Fi 6 AX201 160MHz,23.100.0.4,Intel(R) Wi-Fi 6 AX201 160MHz - 23.100.0.4,11611,12,0,9,11623,99.9%
Intel(R) Dual Band Wireless-AC 7265,19.51.15.3,Intel(R) Dual Band Wireless-AC 7265 - 19.51.15.3,17121,13,0,12,17134,99.9%
MediaTek MT7921 Wi-Fi 6 802.11ax PCIe Adapter,3.0.1.1297,MediaTek MT7921 Wi-Fi 6 802.11ax PCIe Adapter - 3.0.1.1297,1393,1,0,3,1394,99.9%
Intel(R) Wi-Fi 6 AX201 160MHz,22.100.1.1,Intel(R) Wi-Fi 6 AX201 160MHz - 22.100.1.1,53884,76,0,113,53960,99.9%
Intel(R) Wi-Fi 6 AX201 160MHz,23.110.0.5,Intel(R) Wi-Fi 6 AX201 160MHz - 23.110.0.5,6843,9,0,10,6852,99.9%
Intel(R) Dual Band Wireless-AC 8260,20.70.2.1,Intel(R) Dual Band Wireless-AC 8260 - 20.70.2.1,4206,5,0,4,4211,99.9%
Intel(R) Wi-Fi 6E AX211 160MHz,23.40.1.1,Intel(R) Wi-Fi 6E AX211 160MHz - 23.40.1.1,1910,2,0,4,1912,99.9%
Intel(R) Wi-Fi 6 AX201 160MHz,23.120.0.3,Intel(R) Wi-Fi 6 AX201 160MHz - 23.120.0.3,4527,3,0,6,4530,99.9%
Intel(R) Dual Band Wireless-AC 8260,20.70.12.5,Intel(R) Dual Band Wireless-AC 8260 - 20.70.12.5,4761,6,0,4,4767,99.9%
Intel(R) Wi-Fi 6 AX200 160MHz,22.40.0.7,Intel(R) Wi-Fi 6 AX200 160MHz - 22.40.0.7,13175,20,0,25,13195,99.8%
Intel(R) Wi-Fi 6 AX201 160MHz,21.110.1.1,Intel(R) Wi-Fi 6 AX201 160MHz - 21.110.1.1,49117,74,0,39,49191,99.8%
Intel(R) Wi-Fi 6 AX201 160MHz,23.20.1.1,Intel(R) Wi-Fi 6 AX201 160MHz - 23.20.1.1,26957,53,0,39,27010,99.8%
Intel(R) Wi-Fi 6 AX200 160MHz,22.60.0.6,Intel(R) Wi-Fi 6 AX200 160MHz - 22.60.0.6,3702,6,0,4,3708,99.8%
Intel(R) Wi-Fi 6 AX201 160MHz,22.180.0.4,Intel(R) Wi-Fi 6 AX201 160MHz - 22.180.0.4,5751,13,0,8,5764,99.8%
Intel(R) Wi-Fi 6 AX201 160MHz,22.200.0.6,Intel(R) Wi-Fi 6 AX201 160MHz - 22.200.0.6,2418,4,0,4,2422,99.8%
Intel(R) Wi-Fi 6E AX211 160MHz,23.80.0.7,Intel(R) Wi-Fi 6E AX211 160MHz - 23.80.0.7,13317,21,0,35,13338,99.8%
Intel(R) Wi-Fi 6E AX211 160MHz,22.250.1.2,Intel(R) Wi-Fi 6E AX211 160MHz - 22.250.1.2,5200,8,0,14,5208,99.8%
Intel(R) Wi-Fi 6 AX201 160MHz,22.230.0.8,Intel(R) Wi-Fi 6 AX201 160MHz - 22.230.0.8,36190,60,0,54,36250,99.8%
Intel(R) Wireless-AC 9560 160MHz,23.60.1.2,Intel(R) Wireless-AC 9560 160MHz - 23.60.1.2,151193,283,0,137,151476,99.8%
Realtek RTL8852BE WiFi 6 802.11ax PCIe Adapter,6001.15.149.0,Realtek RTL8852BE WiFi 6 802.11ax PCIe Adapter - 6001.15.149.0,471,1,0,2,472,99.8%
Intel(R) Dual Band Wireless-AC 7260,18.33.17.1,Intel(R) Dual Band Wireless-AC 7260 - 18.33.17.1,1435,3,0,1,1438,99.8%
Intel(R) Wireless-AC 9560 160MHz,21.50.1.1,Intel(R) Wireless-AC 9560 160MHz - 21.50.1.1,1214,2,0,3,1216,99.8%
Qualcomm QCA61x4A 802.11ac Wireless Adapter,12.0.0.722,Qualcomm QCA61x4A 802.11ac Wireless Adapter - 12.0.0.722,1922,3,0,3,1925,99.8%
Intel(R) Dual Band Wireless-AC 8265,20.70.4.2,Intel(R) Dual Band Wireless-AC 8265 - 20.70.4.2,110767,241,0,76,111008,99.8%
Intel(R) Dual Band Wireless-AC 8265,22.130.0.5,Intel(R) Dual Band Wireless-AC 8265 - 22.130.0.5,7129,15,0,5,7144,99.8%
Intel(R) Wireless-AC 9260 160MHz,22.30.0.11,Intel(R) Wireless-AC 9260 160MHz - 22.30.0.11,9043,16,0,7,9059,99.8%
Intel(R) Wi-Fi 6 AX200 160MHz,21.120.0.9,Intel(R) Wi-Fi 6 AX200 160MHz - 21.120.0.9,5342,9,0,16,5351,99.8%
Intel(R) Wireless-AC 9260 160MHz,22.220.0.4,Intel(R) Wireless-AC 9260 160MHz - 22.220.0.4,7173,12,0,5,7185,99.8%
Intel(R) Wireless-AC 9560 160MHz,22.120.0.3,Intel(R) Wireless-AC 9560 160MHz - 22.120.0.3,1149,2,0,2,1151,99.8%
Intel(R) Wireless-AC 9260 160MHz,21.110.1.1,Intel(R) Wireless-AC 9260 160MHz - 21.110.1.1,4895,9,0,6,4904,99.8%
Intel(R) Dual Band Wireless-AC 8265,20.70.19.1,Intel(R) Dual Band Wireless-AC 8265 - 20.70.19.1,1202,4,0,3,1206,99.7%
Intel(R) Wi-Fi 6E AX211 160MHz,23.60.1.2,Intel(R) Wi-Fi 6E AX211 160MHz - 23.60.1.2,223979,687,0,333,224666,99.7%
Intel(R) Wi-Fi 6 AX201 160MHz,22.140.0.3,Intel(R) Wi-Fi 6 AX201 160MHz - 22.140.0.3,3724,12,0,7,3736,99.7%
Realtek RTL8811AU Wireless LAN 802.11ac USB 2.0 Network Adapter,1030.38.712.2019,Realtek RTL8811AU Wireless LAN 802.11ac USB 2.0 Network Adapter - 1030.38.712.2019,3157,10,0,2,3167,99.7%
Intel(R) Dual Band Wireless-AC 8265,20.70.3.3,Intel(R) Dual Band Wireless-AC 8265 - 20.70.3.3,20612,55,0,20,20667,99.7%
MediaTek MT7921 Wi-Fi 6 802.11ax PCIe Adapter,3.0.1.1327,MediaTek MT7921 Wi-Fi 6 802.11ax PCIe Adapter - 3.0.1.1327,688,2,0,5,690,99.7%
Intel(R) Dual Band Wireless-AC 7265,19.51.37.2,Intel(R) Dual Band Wireless-AC 7265 - 19.51.37.2,2609,8,0,2,2617,99.7%
Intel(R) Wi-Fi 6 AX201 160MHz,22.160.0.3,Intel(R) Wi-Fi 6 AX201 160MHz - 22.160.0.3,25441,86,0,27,25527,99.7%
Intel(R) Wi-Fi 6E AX211 160MHz,22.190.0.4,Intel(R) Wi-Fi 6E AX211 160MHz - 22.190.0.4,5144,17,0,6,5161,99.7%
Realtek RTL8852AE WiFi 6 802.11ax PCIe Adapter,6001.10.356.1,Realtek RTL8852AE WiFi 6 802.11ax PCIe Adapter - 6001.10.356.1,79453,213,0,68,79666,99.7%
Intel(R) Wi-Fi 6E AX211 160MHz,22.170.2.1,Intel(R) Wi-Fi 6E AX211 160MHz - 22.170.2.1,70061,191,0,42,70252,99.7%
Realtek RTL8852BE WiFi 6 802.11ax PCIe Adapter,6001.15.145.600,Realtek RTL8852BE WiFi 6 802.11ax PCIe Adapter - 6001.15.145.600,391,1,0,1,392,99.7%
Intel(R) Wi-Fi 6 AX201 160MHz,22.190.0.4,Intel(R) Wi-Fi 6 AX201 160MHz - 22.190.0.4,47328,145,0,67,47473,99.7%
Intel(R) Wi-Fi 6E AX211 160MHz,22.240.0.6,Intel(R) Wi-Fi 6E AX211 160MHz - 22.240.0.6,7509,19,0,15,7528,99.7%
Intel(R) Wi-Fi 6 AX201 160MHz,22.30.0.11,Intel(R) Wi-Fi 6 AX201 160MHz - 22.30.0.11,2963,8,0,6,2971,99.7%
Intel(R) Wi-Fi 6 AX201 160MHz,22.90.0.5,Intel(R) Wi-Fi 6 AX201 160MHz - 22.90.0.5,1371,5,0,1,1376,99.6%
Intel(R) Wi-Fi 6 AX201 160MHz,22.100.0.3,Intel(R) Wi-Fi 6 AX201 160MHz - 22.100.0.3,20060,76,0,18,20136,99.6%
Intel(R) Wi-Fi 6 AX201 160MHz,22.20.0.6,Intel(R) Wi-Fi 6 AX201 160MHz - 22.20.0.6,12442,50,0,10,12492,99.6%
Intel(R) Wi-Fi 6 AX201 160MHz,22.40.0.7,Intel(R) Wi-Fi 6 AX201 160MHz - 22.40.0.7,160386,676,0,339,161062,99.6%
Intel(R) Wi-Fi 6 AX201 160MHz,22.250.10.1,Intel(R) Wi-Fi 6 AX201 160MHz - 22.250.10.1,17251,74,0,16,17325,99.6%
Intel(R) Wi-Fi 6E AX211 160MHz,23.80.1.3,Intel(R) Wi-Fi 6E AX211 160MHz - 23.80.1.3,2203,8,0,6,2211,99.6%
Intel(R) Wi-Fi 6E AX211 160MHz,23.90.1.3,Intel(R) Wi-Fi 6E AX211 160MHz - 23.90.1.3,492,2,0,1,494,99.6%
Intel(R) Wireless-AC 9560 160MHz,23.80.0.7,Intel(R) Wireless-AC 9560 160MHz - 23.80.0.7,19346,81,0,54,19427,99.6%
Intel(R) Wireless-AC 9560 160MHz,23.30.0.6,Intel(R) Wireless-AC 9560 160MHz - 23.30.0.6,4771,19,0,11,4790,99.6%
Intel(R) Wi-Fi 6 AX201 160MHz,22.240.0.6,Intel(R) Wi-Fi 6 AX201 160MHz - 22.240.0.6,33705,137,0,70,33842,99.6%
Intel(R) Wi-Fi 6E AX211 160MHz,23.40.0.4,Intel(R) Wi-Fi 6E AX211 160MHz - 23.40.0.4,3806,14,0,14,3820,99.6%
Intel(R) Wi-Fi 6E AX211 160MHz,23.20.1.1,Intel(R) Wi-Fi 6E AX211 160MHz - 23.20.1.1,42119,187,0,73,42306,99.6%
Intel(R) Wi-Fi 6E AX211 160MHz,22.250.10.1,Intel(R) Wi-Fi 6E AX211 160MHz - 22.250.10.1,12389,44,0,32,12433,99.6%
Intel(R) Dual Band Wireless-AC 8265,20.70.32.1,Intel(R) Dual Band Wireless-AC 8265 - 20.70.32.1,46710,177,0,50,46887,99.6%
Intel(R) Wi-Fi 6E AX211 160MHz,22.200.2.1,Intel(R) Wi-Fi 6E AX211 160MHz - 22.200.2.1,40771,149,0,54,40920,99.6%
Intel(R) Wi-Fi 6 AX200 160MHz,23.30.0.6,Intel(R) Wi-Fi 6 AX200 160MHz - 23.30.0.6,998,4,0,2,1002,99.6%
Intel(R) Wireless-AC 9260 160MHz,23.100.0.4,Intel(R) Wireless-AC 9260 160MHz - 23.100.0.4,1660,7,0,1,1667,99.6%
Intel(R) Wi-Fi 6E AX210 160MHz,23.80.0.7,Intel(R) Wi-Fi 6E AX210 160MHz - 23.80.0.7,2875,11,0,5,2886,99.6%
Intel(R) Wi-Fi 6E AX210 160MHz,22.250.1.2,Intel(R) Wi-Fi 6E AX210 160MHz - 22.250.1.2,248,1,0,1,249,99.6%
Intel(R) Wi-Fi 6 AX201 160MHz,21.110.2.1,Intel(R) Wi-Fi 6 AX201 160MHz - 21.110.2.1,449,2,0,1,451,99.6%
Intel(R) Wi-Fi 6 AX201 160MHz,23.60.1.2,Intel(R) Wi-Fi 6 AX201 160MHz - 23.60.1.2,516169,1929,0,707,518098,99.6%
Intel(R) Wi-Fi 6 AX201 160MHz,23.40.0.4,Intel(R) Wi-Fi 6 AX201 160MHz - 23.40.0.4,162144,604,0,256,162748,99.6%
Intel(R) Wi-Fi 6 AX201 160MHz,23.90.0.2,Intel(R) Wi-Fi 6 AX201 160MHz - 23.90.0.2,1271365,6903,0,1162,1278268,99.5%
Intel(R) Wi-Fi 6E AX211 160MHz,22.230.0.8,Intel(R) Wi-Fi 6E AX211 160MHz - 22.230.0.8,35175,185,0,45,35360,99.5%
Intel(R) Wireless-AC 9560 160MHz,22.250.1.2,Intel(R) Wireless-AC 9560 160MHz - 22.250.1.2,30450,160,0,31,30610,99.5%
Intel(R) Dual Band Wireless-AC 8260,20.70.3.3,Intel(R) Dual Band Wireless-AC 8260 - 20.70.3.3,3541,19,0,3,3560,99.5%
Intel(R) Wi-Fi 6 AX201 160MHz,23.40.1.1,Intel(R) Wi-Fi 6 AX201 160MHz - 23.40.1.1,5292,29,0,6,5321,99.5%
Fi,16.0 (1657),Fi - 16.0 (1657),49455,234,0,110,49689,99.5%
Intel(R) Dual Band Wireless-AC 7265,19.51.40.1,Intel(R) Dual Band Wireless-AC 7265 - 19.51.40.1,3746,17,0,3,3763,99.5%
Intel(R) Wi-Fi 6 AX200 160MHz,22.80.1.1,Intel(R) Wi-Fi 6 AX200 160MHz - 22.80.1.1,410,2,0,3,412,99.5%
Intel(R) Wi-Fi 6 AX200 160MHz,22.240.0.6,Intel(R) Wi-Fi 6 AX200 160MHz - 22.240.0.6,6333,35,0,10,6368,99.5%
Intel(R) Dual Band Wireless-AC 8265,20.70.21.2,Intel(R) Dual Band Wireless-AC 8265 - 20.70.21.2,25849,119,0,30,25968,99.5%
Intel(R) Wi-Fi 6 AX201 160MHz,22.130.0.5,Intel(R) Wi-Fi 6 AX201 160MHz - 22.130.0.5,40440,232,0,42,40672,99.4%
Intel(R) Wi-Fi 6 AX200 160MHz,22.120.1.9,Intel(R) Wi-Fi 6 AX200 160MHz - 22.120.1.9,26347,154,0,17,26501,99.4%
Intel(R) Wi-Fi 6 AX200 160MHz,23.90.0.2,Intel(R) Wi-Fi 6 AX200 160MHz - 23.90.0.2,120707,716,0,90,121423,99.4%
Intel(R) Wi-Fi 6E AX211 160MHz,23.60.0.10,Intel(R) Wi-Fi 6E AX211 160MHz - 23.60.0.10,3134,20,0,5,3154,99.4%
Intel(R) Wi-Fi 6E AX210 160MHz,22.150.0.3,Intel(R) Wi-Fi 6E AX210 160MHz - 22.150.0.3,1427,9,0,1,1436,99.4%
Intel(R) Wi-Fi 6E AX211 160MHz,23.90.0.2,Intel(R) Wi-Fi 6E AX211 160MHz - 23.90.0.2,1960538,13860,0,1821,1974398,99.3%
Intel(R) Wi-Fi 6E AX211 160MHz,23.70.2.3,Intel(R) Wi-Fi 6E AX211 160MHz - 23.70.2.3,2914,21,0,4,2935,99.3%
Intel(R) Wi-Fi 6 AX200 160MHz,23.80.0.7,Intel(R) Wi-Fi 6 AX200 160MHz - 23.80.0.7,45294,325,0,49,45619,99.3%
Intel(R) Wi-Fi 6 AX201 160MHz,22.150.0.3,Intel(R) Wi-Fi 6 AX201 160MHz - 22.150.0.3,26134,189,0,41,26323,99.3%
Intel(R) Wi-Fi 6E AX211 160MHz,22.160.0.4,Intel(R) Wi-Fi 6E AX211 160MHz - 22.160.0.4,551,4,0,1,555,99.3%
Intel(R) Wi-Fi 6 AX200 160MHz,22.170.0.3,Intel(R) Wi-Fi 6 AX200 160MHz - 22.170.0.3,7138,52,0,16,7190,99.3%
Intel(R) Wi-Fi 6E AX211 160MHz,23.30.0.6,Intel(R) Wi-Fi 6E AX211 160MHz - 23.30.0.6,122936,861,0,147,123797,99.3%
Intel(R) Dual Band Wireless-AC 8265,20.70.16.4,Intel(R) Dual Band Wireless-AC 8265 - 20.70.16.4,12383,86,0,11,12469,99.3%
Intel(R) Dual Band Wireless-AC 8260,20.70.18.2,Intel(R) Dual Band Wireless-AC 8260 - 20.70.18.2,9986,71,0,8,10057,99.3%
Intel(R) Wi-Fi 6 AX201 160MHz,23.30.0.6,Intel(R) Wi-Fi 6 AX201 160MHz - 23.30.0.6,46414,348,0,87,46762,99.3%
Qualcomm FastConnect 6900 Wi-Fi 6E Dual Band Simultaneous (DBS) WDI Network Adapter,1.0.0.1694,Qualcomm FastConnect 6900 Wi-Fi 6E Dual Band Simultaneous (DBS) WDI Network Adapter - 1.0.0.1694,3448,26,0,1,3474,99.3%
Intel(R) Wi-Fi 6 AX200 160MHz,22.70.0.6,Intel(R) Wi-Fi 6 AX200 160MHz - 22.70.0.6,5047,37,0,10,5084,99.3%
Intel(R) Wireless-AC 9560 160MHz,23.40.0.4,Intel(R) Wireless-AC 9560 160MHz - 23.40.0.4,44051,366,0,31,44417,99.2%
Intel(R) Wi-Fi 6 AX200 160MHz,22.250.0.4,Intel(R) Wi-Fi 6 AX200 160MHz - 22.250.0.4,7896,63,0,6,7959,99.2%
Killer(R) Wi-Fi 6 AX1650s 160MHz Wireless Network Adapter (201D2W),23.90.0.2,Killer(R) Wi-Fi 6 AX1650s 160MHz Wireless Network Adapter (201D2W) - 23.90.0.2,30024,256,0,28,30280,99.2%
Intel(R) Dual Band Wireless-AC 8265,20.70.27.1,Intel(R) Dual Band Wireless-AC 8265 - 20.70.27.1,10713,85,0,10,10798,99.2%
Intel(R) Wi-Fi 6 AX201 160MHz,22.250.1.2,Intel(R) Wi-Fi 6 AX201 160MHz - 22.250.1.2,391747,3501,0,617,395248,99.1%
Intel(R) Dual Band Wireless-AC 7265,19.51.27.1,Intel(R) Dual Band Wireless-AC 7265 - 19.51.27.1,2783,26,0,2,2809,99.1%
Intel(R) Wi-Fi 6 AX201 160MHz,22.250.0.4,Intel(R) Wi-Fi 6 AX201 160MHz - 22.250.0.4,30004,264,0,34,30268,99.1%
Intel(R) Wi-Fi 6E AX211 160MHz,23.110.0.5,Intel(R) Wi-Fi 6E AX211 160MHz - 23.110.0.5,179403,1563,0,247,180966,99.1%
Intel(R) Wi-Fi 6E AX211 160MHz,22.160.0.3,Intel(R) Wi-Fi 6E AX211 160MHz - 22.160.0.3,43465,421,0,41,43886,99.0%
Intel(R) Wi-Fi 6 AX200 160MHz,23.60.1.2,Intel(R) Wi-Fi 6 AX200 160MHz - 23.60.1.2,79283,824,0,66,80107,99.0%
Intel(R) Wi-Fi 6E AX211 160MHz,22.130.0.5,Intel(R) Wi-Fi 6E AX211 160MHz - 22.130.0.5,24952,280,0,22,25232,98.9%
Intel(R) Wi-Fi 6 AX201 160MHz,22.110.1.1,Intel(R) Wi-Fi 6 AX201 160MHz - 22.110.1.1,84519,959,0,106,85478,98.9%
Intel(R) Wi-Fi 6 AX201 160MHz,22.80.0.9,Intel(R) Wi-Fi 6 AX201 160MHz - 22.80.0.9,240,3,0,2,243,98.8%
Intel(R) Wi-Fi 6 AX201 160MHz,23.80.0.7,Intel(R) Wi-Fi 6 AX201 160MHz - 23.80.0.7,135181,1678,0,275,136859,98.8%
Intel(R) Wi-Fi 6 AX201 160MHz,22.60.0.6,Intel(R) Wi-Fi 6 AX201 160MHz - 22.60.0.6,486,6,0,5,492,98.8%
Intel(R) Wi-Fi 6 AX201 160MHz,22.60.1.2,Intel(R) Wi-Fi 6 AX201 160MHz - 22.60.1.2,136,2,0,2,138,98.6%
Intel(R) Wi-Fi 6 AX201 160MHz,22.160.3.2,Intel(R) Wi-Fi 6 AX201 160MHz - 22.160.3.2,572,8,0,3,580,98.6%
Intel(R) Wi-Fi 6 AX201 160MHz,22.200.2.1,Intel(R) Wi-Fi 6 AX201 160MHz - 22.200.2.1,51833,808,0,79,52641,98.5%
Intel(R) Wi-Fi 6 AX200 160MHz,23.40.0.4,Intel(R) Wi-Fi 6 AX200 160MHz - 23.40.0.4,14821,244,0,28,15065,98.4%
MediaTek MT7921 Wi-Fi 6 802.11ax PCIe Adapter,3.0.1.1255,MediaTek MT7921 Wi-Fi 6 802.11ax PCIe Adapter - 3.0.1.1255,288,5,0,5,293,98.3%
Intel(R) Wireless-AC 9560 160MHz,22.80.0.9,Intel(R) Wireless-AC 9560 160MHz - 22.80.0.9,702,12,0,2,714,98.3%
Intel(R) Wireless-AC 9560 160MHz,22.240.0.6,Intel(R) Wireless-AC 9560 160MHz - 22.240.0.6,157,3,0,2,160,98.1%
Intel(R) Dual Band Wireless-AC 8265,20.70.18.2,Intel(R) Dual Band Wireless-AC 8265 - 20.70.18.2,17182,336,0,22,17518,98.1%
Intel(R) Dual Band Wireless-AC 7265,19.51.42.2,Intel(R) Dual Band Wireless-AC 7265 - 19.51.42.2,38454,889,0,37,39343,97.7%
Qualcomm Atheros AR9580 Wireless Network Adapter,10.1.10.5,Qualcomm Atheros AR9580 Wireless Network Adapter - 10.1.10.5,1458,34,0,2,1492,97.7%
Intel(R) Wi-Fi 6 AX201 160MHz,23.60.0.10,Intel(R) Wi-Fi 6 AX201 160MHz - 23.60.0.10,17118,456,0,31,17574,97.4%
Intel(R) Dual Band Wireless-AC 8260,20.70.32.1,Intel(R) Dual Band Wireless-AC 8260 - 20.70.32.1,19437,512,0,19,19949,97.4%
Intel(R) Wi-Fi 6E AX211 160MHz,22.220.1.1,Intel(R) Wi-Fi 6E AX211 160MHz - 22.220.1.1,55882,1712,0,41,57594,97.0%
Intel(R) Wi-Fi 6 AX201 160MHz,23.70.2.3,Intel(R) Wi-Fi 6 AX201 160MHz - 23.70.2.3,1544,50,0,3,1594,96.9%
Intel(R) Wi-Fi 6E AX210 160MHz,23.60.1.2,Intel(R) Wi-Fi 6E AX210 160MHz - 23.60.1.2,2841,100,0,8,2941,96.6%
Intel(R) Dual Band Wireless-AC 7265,19.51.48.1,Intel(R) Dual Band Wireless-AC 7265 - 19.51.48.1,4277,170,0,5,4447,96.2%
Intel(R) Wireless-AC 9260 160MHz,23.40.0.4,Intel(R) Wireless-AC 9260 160MHz - 23.40.0.4,1376,56,0,1,1432,96.1%
Intel(R) Wi-Fi 6 AX200 160MHz,23.60.0.10,Intel(R) Wi-Fi 6 AX200 160MHz - 23.60.0.10,4755,201,0,11,4956,95.9%
Realtek RTL8852AE WiFi 6 802.11ax PCIe Adapter,6001.10.356.0,Realtek RTL8852AE WiFi 6 802.11ax PCIe Adapter - 6001.10.356.0,954,42,0,2,996,95.8%
MediaTek MT7921 Wi-Fi 6 802.11ax PCIe Adapter,3.0.1.1317,MediaTek MT7921 Wi-Fi 6 802.11ax PCIe Adapter - 3.0.1.1317,899,43,0,8,942,95.4%
Intel(R) Dual Band Wireless-AC 7260,17.15.0.5,Intel(R) Dual Band Wireless-AC 7260 - 17.15.0.5,2719,133,0,2,2852,95.3%
Intel(R) Wireless-AC 9560 160MHz,23.40.1.1,Intel(R) Wireless-AC 9560 160MHz - 23.40.1.1,76,4,0,1,80,95.0%
Qualcomm Atheros AR9580 Wireless Network Adapter,3.0.2.201,Qualcomm Atheros AR9580 Wireless Network Adapter - 3.0.2.201,1898,111,0,3,2009,94.5%
Intel(R) Wi-Fi 6 AX201 160MHz,22.120.0.3,Intel(R) Wi-Fi 6 AX201 160MHz - 22.120.0.3,7036,418,0,11,7454,94.4%
Intel(R) Wi-Fi 6 AX200 160MHz,23.120.0.3,Intel(R) Wi-Fi 6 AX200 160MHz - 23.120.0.3,538,33,0,1,571,94.2%
Intel(R) Wi-Fi 6 AX201 160MHz,22.220.1.1,Intel(R) Wi-Fi 6 AX201 160MHz - 22.220.1.1,4928,309,0,3,5237,94.1%
Realtek RTL8811AU Wireless LAN 802.11ac USB 2.0 Network Adapter,1030.44.822.2023,Realtek RTL8811AU Wireless LAN 802.11ac USB 2.0 Network Adapter - 1030.44.822.2023,27848,1760,0,20,29608,94.1%
Linux,rtw89_8852be,rtw89_8852be,1927,128,0,2,2055,93.8%
MediaTek Wi-Fi 6E MT7922 (RZ616) 160MHz PCIe Adapter,3.3.0.824,MediaTek Wi-Fi 6E MT7922 (RZ616) 160MHz PCIe Adapter - 3.3.0.824,1029,76,0,2,1105,93.1%
Linux,iwlwifi,iwlwifi,4261,445,0,5,4706,90.5%
Qualcomm QCA61x4A 802.11ac Wireless Adapter,12.0.0.926,Qualcomm QCA61x4A 802.11ac Wireless Adapter - 12.0.0.926,2908,341,0,3,3249,89.5%
MediaTek Wi-Fi 6 MT7921 Wireless LAN Card,3.3.3.854,MediaTek Wi-Fi 6 MT7921 Wireless LAN Card - 3.3.3.854,850,189,0,2,1039,81.8%
Intel(R) Dual Band Wireless-AC 8260,20.70.21.2,Intel(R) Dual Band Wireless-AC 8260 - 20.70.21.2,1349,0,0,4,1349,100.0%
MediaTek MT7921 Wi-Fi 6 802.11ax PCIe Adapter,3.3.0.426,MediaTek MT7921 Wi-Fi 6 802.11ax PCIe Adapter - 3.3.0.426,14,0,0,1,14,100.0%
MediaTek MT7921 Wi-Fi 6 802.11ax PCIe Adapter,3.0.1.1303,MediaTek MT7921 Wi-Fi 6 802.11ax PCIe Adapter - 3.0.1.1303,606,0,0,1,606,100.0%
MediaTek Wi-Fi 6 MT7921 Wireless LAN Card,24.40.2.575,MediaTek Wi-Fi 6 MT7921 Wireless LAN Card - 24.40.2.575,307,0,0,1,307,100.0%
Intel(R) Dual Band Wireless-AC 8260,20.70.23.1,Intel(R) Dual Band Wireless-AC 8260 - 20.70.23.1,12516,0,0,10,12516,100.0%
Realtek RTL8852BE WiFi 6 802.11ax PCIe Adapter,6001.15.149.100,Realtek RTL8852BE WiFi 6 802.11ax PCIe Adapter - 6001.15.149.100,897,0,0,2,897,100.0%
Realtek RTL8822CE 802.11ac PCIe Adapter,2024.10.229.0,Realtek RTL8822CE 802.11ac PCIe Adapter - 2024.10.229.0,325,0,0,1,325,100.0%
Marvell AVASTAR Wireless-AC Network Controller,15.68.17022.122,Marvell AVASTAR Wireless-AC Network Controller - 15.68.17022.122,1437,0,0,1,1437,100.0%
Marvell AVASTAR Wireless-AC Network Controller,15.68.9125.57,Marvell AVASTAR Wireless-AC Network Controller - 15.68.9125.57,545,0,0,1,545,100.0%
Intel Corporation Wi-Fi 5(802.11ac) Wireless-AC 9x6x [Thunder Peak] [8086:2526] (rev 29),iwlwifi,Intel Corporation Wi-Fi 5(802.11ac) Wireless-AC 9x6x [Thunder Peak] [8086:2526] (rev 29) - iwlwifi,1188,0,0,1,1188,100.0%
Intel(R) Dual Band Wireless-AC 3160,18.33.17.1,Intel(R) Dual Band Wireless-AC 3160 - 18.33.17.1,2870,0,0,2,2870,100.0%
Killer(R) Wi-Fi 6 AX1650x 160MHz Wireless Network Adapter (200NGW),23.90.0.2,Killer(R) Wi-Fi 6 AX1650x 160MHz Wireless Network Adapter (200NGW) - 23.90.0.2,906,0,0,1,906,100.0%
Killer(R) Wi-Fi 6 AX1650w 160MHz Wireless Network Adapter (200D2W),23.90.0.2,Killer(R) Wi-Fi 6 AX1650w 160MHz Wireless Network Adapter (200D2W) - 23.90.0.2,797,0,0,1,797,100.0%
TP-Link Wireless USB Adapter,1030.44.1014.2024,TP-Link Wireless USB Adapter - 1030.44.1014.2024,1432,0,0,1,1432,100.0%
Intel(R) Dual Band Wireless-AC 8260,20.70.25.2,Intel(R) Dual Band Wireless-AC 8260 - 20.70.25.2,2891,0,0,4,2891,100.0%
Intel(R) Dual Band Wireless-AC 8260,20.70.30.1,Intel(R) Dual Band Wireless-AC 8260 - 20.70.30.1,18518,5,0,18,18523,100.0%
Intel(R) Wireless-AC 9560 160MHz,23.70.2.3,Intel(R) Wireless-AC 9560 160MHz - 23.70.2.3,7,0,0,1,7,100.0%
Intel(R) Dual Band Wireless-AC 8260,20.70.5.2,Intel(R) Dual Band Wireless-AC 8260 - 20.70.5.2,4200,0,0,4,4200,100.0%
Intel(R) Dual Band Wireless-AC 8265,20.30.1.2,Intel(R) Dual Band Wireless-AC 8265 - 20.30.1.2,2773,0,0,3,2773,100.0%
Intel(R) Wireless-AC 9560 160MHz,23.120.0.3,Intel(R) Wireless-AC 9560 160MHz - 23.120.0.3,3319,1,0,3,3320,100.0%
Intel(R) Wireless-AC 9560 160MHz,23.110.0.5,Intel(R) Wireless-AC 9560 160MHz - 23.110.0.5,1437,0,0,1,1437,100.0%
Intel(R) Wireless-AC 9560 160MHz,22.80.1.1,Intel(R) Wireless-AC 9560 160MHz - 22.80.1.1,4314,0,0,3,4314,100.0%
MediaTek Wi-Fi 6E MT7922 (RZ616) 160MHz PCIe Adapter,3.3.0.800,MediaTek Wi-Fi 6E MT7922 (RZ616) 160MHz PCIe Adapter - 3.3.0.800,137,0,0,2,137,100.0%
Intel(R) Wi-Fi 6 AX201 160MHz,22.0.1.5,Intel(R) Wi-Fi 6 AX201 160MHz - 22.0.1.5,8264,3,0,9,8267,100.0%
MediaTek Wi-Fi 6E MT7922 (RZ616) 160MHz PCIe Adapter,3.3.0.897,MediaTek Wi-Fi 6E MT7922 (RZ616) 160MHz PCIe Adapter - 3.3.0.897,1450,0,0,4,1450,100.0%
Realtek RTL8852BE WiFi 6 802.11ax PCIe Adapter,6001.15.144.0,Realtek RTL8852BE WiFi 6 802.11ax PCIe Adapter - 6001.15.144.0,2,0,0,1,2,100.0%
Realtek RTL8852BE WiFi 6 802.11ax PCIe Adapter,6001.15.141.0,Realtek RTL8852BE WiFi 6 802.11ax PCIe Adapter - 6001.15.141.0,237,0,0,3,237,100.0%
Intel(R) Dual Band Wireless-AC 7265,19.51.14.1,Intel(R) Dual Band Wireless-AC 7265 - 19.51.14.1,1736,0,0,2,1736,100.0%
Intel(R) Dual Band Wireless-AC 7265,19.51.18.1,Intel(R) Dual Band Wireless-AC 7265 - 19.51.18.1,1195,0,0,1,1195,100.0%
Qualcomm FastConnect 6900 Wi-Fi 6E Dual Band Simultaneous (DBS) WiFiCx Network Adapter,2.0.0.1215,Qualcomm FastConnect 6900 Wi-Fi 6E Dual Band Simultaneous (DBS) WiFiCx Network Adapter - 2.0.0.1215,1226,0,0,1,1226,100.0%
Qualcomm FastConnect 6900 Wi-Fi 6E Dual Band Simultaneous (DBS) WiFiCx Network Adapter,2.0.0.1229,Qualcomm FastConnect 6900 Wi-Fi 6E Dual Band Simultaneous (DBS) WiFiCx Network Adapter - 2.0.0.1229,11202,2,0,15,11204,100.0%
Intel(R) Dual Band Wireless-AC 7265,19.51.21.1,Intel(R) Dual Band Wireless-AC 7265 - 19.51.21.1,1876,0,0,4,1876,100.0%
Intel(R) Dual Band Wireless-AC 7265,19.51.31.1,Intel(R) Dual Band Wireless-AC 7265 - 19.51.31.1,1438,0,0,1,1438,100.0%
Qualcomm FastConnect 7800 Wi-Fi 7 Dual Band Simultaneous (DBS) Network Adapter,1.0.4166.1200,Qualcomm FastConnect 7800 Wi-Fi 7 Dual Band Simultaneous (DBS) Network Adapter - 1.0.4166.1200,601,0,0,1,601,100.0%
Qualcomm QCA61x4A 802.11ac Wireless Adapter,12.0.0.1016,Qualcomm QCA61x4A 802.11ac Wireless Adapter - 12.0.0.1016,4775,0,0,5,4775,100.0%
Intel(R) Dual Band Wireless-AC 7265,19.51.30.1,Intel(R) Dual Band Wireless-AC 7265 - 19.51.30.1,3989,1,0,4,3990,100.0%
Qualcomm QCA61x4A 802.11ac Wireless Adapter,12.0.0.967,Qualcomm QCA61x4A 802.11ac Wireless Adapter - 12.0.0.967,5,0,0,1,5,100.0%
Edimax AC1750 Wi-Fi USB Adapter,1030.44.1014.2024,Edimax AC1750 Wi-Fi USB Adapter - 1030.44.1014.2024,1438,0,0,1,1438,100.0%
Realtek 8811CU Wireless LAN 802.11ac USB NIC,1030.44.1014.2024,Realtek 8811CU Wireless LAN 802.11ac USB NIC - 1030.44.1014.2024,1066,0,0,1,1066,100.0%
Realtek 8822CE Wireless LAN 802.11ac PCI-E NIC,2024.10.139.3,Realtek 8822CE Wireless LAN 802.11ac PCI-E NIC - 2024.10.139.3,121,0,0,1,121,100.0%
Realtek RTL8822CE 802.11ac PCIe Adapter,2024.10.227.0,Realtek RTL8822CE 802.11ac PCIe Adapter - 2024.10.227.0,475,0,0,1,475,100.0%
Realtek RTL8852BE WiFi 6 802.11ax PCIe Adapter,6001.15.143.0,Realtek RTL8852BE WiFi 6 802.11ax PCIe Adapter - 6001.15.143.0,239,0,0,1,239,100.0%
Qualcomm FastConnect 6900 Wi-Fi 6E Dual Band Simultaneous (DBS) WDI Network Adapter,1.0.0.1671,Qualcomm FastConnect 6900 Wi-Fi 6E Dual Band Simultaneous (DBS) WDI Network Adapter - 1.0.0.1671,251,0,0,1,251,100.0%
MediaTek Wi-Fi 6E MT7922 (RZ616) 160MHz PCIe Adapter,3.3.0.908,MediaTek Wi-Fi 6E MT7922 (RZ616) 160MHz PCIe Adapter - 3.3.0.908,2130,0,0,3,2130,100.0%
Killer Wireless-n/a/ac 1535 Wireless Network Adapter,12.0.0.1118,Killer Wireless-n/a/ac 1535 Wireless Network Adapter - 12.0.0.1118,521,0,0,1,521,100.0%
MediaTek Wi-Fi 6E MT7922 (RZ616) 160MHz PCIe Adapter,3.4.0.1088,MediaTek Wi-Fi 6E MT7922 (RZ616) 160MHz PCIe Adapter - 3.4.0.1088,1229,0,0,4,1229,100.0%
NETGEAR A8000 WiFi 6 & 6E Adapter,1.0.0.108,NETGEAR A8000 WiFi 6 & 6E Adapter - 1.0.0.108,24,0,0,1,24,100.0%
Intel(R) Dual Band Wireless-AC 8260,20.50.0.5,Intel(R) Dual Band Wireless-AC 8260 - 20.50.0.5,5749,1,0,4,5750,100.0%
Intel(R) Dual Band Wireless-AC 8260,20.70.16.4,Intel(R) Dual Band Wireless-AC 8260 - 20.70.16.4,161,0,0,1,161,100.0%
Intel(R) Dual Band Wireless-AC 8265,20.50.0.5,Intel(R) Dual Band Wireless-AC 8265 - 20.50.0.5,3074,0,0,4,3074,100.0%
Intel(R) Dual Band Wireless-AC 8260,20.10.0.6,Intel(R) Dual Band Wireless-AC 8260 - 20.10.0.6,1439,0,0,1,1439,100.0%
Intel(R) Dual Band Wireless-N 7260,17.15.0.5,Intel(R) Dual Band Wireless-N 7260 - 17.15.0.5,1,0,0,1,1,100.0%
Realtek RTL8822CE 802.11ac PCIe Adapter,2024.10.228.7,Realtek RTL8822CE 802.11ac PCIe Adapter - 2024.10.228.7,1437,0,0,1,1437,100.0%
Intel(R) Wireless-AC 9560 160MHz,21.10.2.2,Intel(R) Wireless-AC 9560 160MHz - 21.10.2.2,799,0,0,1,799,100.0%
Intel(R) Dual Band Wireless-AC 3165,20.70.0.100,Intel(R) Dual Band Wireless-AC 3165 - 20.70.0.100,1852,0,0,4,1852,100.0%
Intel(R) Dual Band Wireless-AC 7260,18.33.15.1,Intel(R) Dual Band Wireless-AC 7260 - 18.33.15.1,1579,0,0,1,1579,100.0%
NETGEAR A6100 WiFi Adapter,1030.25.701.2017,NETGEAR A6100 WiFi Adapter - 1030.25.701.2017,10068,0,0,7,10068,100.0%
Qualcomm Atheros QCA9377 Wireless Network Adapter,12.0.0.827,Qualcomm Atheros QCA9377 Wireless Network Adapter - 12.0.0.827,42,0,0,1,42,100.0%
Killer Wi-Fi 6 AX500-DBS Wireless Network Adapter,1.0.0.1769,Killer Wi-Fi 6 AX500-DBS Wireless Network Adapter - 1.0.0.1769,495,0,0,2,495,100.0%
Intel(R) Wireless-AC 9560 160MHz,22.30.0.11,Intel(R) Wireless-AC 9560 160MHz - 22.30.0.11,3892,0,0,4,3892,100.0%
Intel(R) Wireless-AC 9560 160MHz,22.40.0.7,Intel(R) Wireless-AC 9560 160MHz - 22.40.0.7,1853,0,0,2,1853,100.0%
Intel(R) Wireless-AC 9560 160MHz,21.110.3.2,Intel(R) Wireless-AC 9560 160MHz - 21.110.3.2,7576,0,0,5,7576,100.0%
Intel(R) Wireless-AC 9560 160MHz,22.250.10.1,Intel(R) Wireless-AC 9560 160MHz - 22.250.10.1,4413,1,0,3,4414,100.0%
Intel(R) Wi-Fi 6 AX200 160MHz,22.230.0.8,Intel(R) Wi-Fi 6 AX200 160MHz - 22.230.0.8,4887,0,0,3,4887,100.0%
Intel(R) Wi-Fi 6E AX210 160MHz,23.90.0.2,Intel(R) Wi-Fi 6E AX210 160MHz - 23.90.0.2,5390,0,0,7,5390,100.0%
Intel(R) Wi-Fi 6E AX211 160MHz,22.110.1.1,Intel(R) Wi-Fi 6E AX211 160MHz - 22.110.1.1,2810,0,0,3,2810,100.0%
Intel(R) Wi-Fi 6E AX211 160MHz,22.150.0.3,Intel(R) Wi-Fi 6E AX211 160MHz - 22.150.0.3,233,0,0,1,233,100.0%
Intel(R) Wi-Fi 6E AX211 160MHz,22.150.3.1,Intel(R) Wi-Fi 6E AX211 160MHz - 22.150.3.1,443,0,0,1,443,100.0%
"Wi-Fi  (0x14E4, 0x4388)",16.0 (1657),"Wi-Fi  (0x14E4, 0x4388) - 16.0 (1657)",5,0,0,2,5,100.0%
Intel(R) Wi-Fi 6 AX200 160MHz,23.20.1.1,Intel(R) Wi-Fi 6 AX200 160MHz - 23.20.1.1,1438,0,0,1,1438,100.0%
Intel(R) Wi-Fi 6E AX211 160MHz,22.220.0.4,Intel(R) Wi-Fi 6E AX211 160MHz - 22.220.0.4,972,0,0,1,972,100.0%
Intel(R) Wi-Fi 6 AX200 160MHz,22.250.1.2,Intel(R) Wi-Fi 6 AX200 160MHz - 22.250.1.2,10048,3,0,17,10051,100.0%
Intel(R) Wi-Fi 6E AX211 160MHz,23.100.0.4,Intel(R) Wi-Fi 6E AX211 160MHz - 23.100.0.4,4657,0,0,5,4657,100.0%
Intel(R) Dual Band Wireless-AC 8265,20.70.10.2,Intel(R) Dual Band Wireless-AC 8265 - 20.70.10.2,245,0,0,1,245,100.0%
Intel(R) Wi-Fi 6E AX211 160MHz,23.120.0.3,Intel(R) Wi-Fi 6E AX211 160MHz - 23.120.0.3,7834,1,0,8,7835,100.0%
Intel(R) Wi-Fi 6 AX200 160MHz,22.200.2.1,Intel(R) Wi-Fi 6 AX200 160MHz - 22.200.2.1,98,0,0,1,98,100.0%
Intel(R) Wi-Fi 6 AX200 160MHz,22.200.0.6,Intel(R) Wi-Fi 6 AX200 160MHz - 22.200.0.6,5590,0,0,5,5590,100.0%
Intel(R) Wi-Fi 6 AX200 160MHz,22.160.0.4,Intel(R) Wi-Fi 6 AX200 160MHz - 22.160.0.4,1580,0,0,1,1580,100.0%
Intel(R) Wi-Fi 6 AX200 160MHz,22.140.0.3,Intel(R) Wi-Fi 6 AX200 160MHz - 22.140.0.3,8079,1,0,10,8080,100.0%
Intel(R) Wi-Fi 6E AX211 160MHz,23.70.0.6,Intel(R) Wi-Fi 6E AX211 160MHz - 23.70.0.6,1767,0,0,4,1767,100.0%
Intel(R) Wi-Fi 6 AX200 160MHz,22.110.1.1,Intel(R) Wi-Fi 6 AX200 160MHz - 22.110.1.1,1534,0,0,3,1534,100.0%
Intel(R) Wi-Fi 6 AX200 160MHz,22.10.0.7,Intel(R) Wi-Fi 6 AX200 160MHz - 22.10.0.7,3371,1,0,2,3372,100.0%
Intel(R) Wi-Fi 6 AX200 160MHz,23.70.2.3,Intel(R) Wi-Fi 6 AX200 160MHz - 23.70.2.3,1583,0,0,1,1583,100.0%
Intel(R) Wi-Fi 6E AX210 160MHz,23.30.0.6,Intel(R) Wi-Fi 6E AX210 160MHz - 23.30.0.6,147,0,0,1,147,100.0%
Intel(R) Wi-Fi 6E AX210 160MHz,23.110.0.5,Intel(R) Wi-Fi 6E AX210 160MHz - 23.110.0.5,979,0,0,2,979,100.0%
Intel(R) Wi-Fi 6E AX210 160MHz,22.80.0.9,Intel(R) Wi-Fi 6E AX210 160MHz - 22.80.0.9,50,0,0,1,50,100.0%
Intel(R) Wi-Fi 6 AX201 160MHz,22.220.0.4,Intel(R) Wi-Fi 6 AX201 160MHz - 22.220.0.4,8312,0,0,8,8312,100.0%
Intel(R) Wi-Fi 6 AX201 160MHz,22.45.1.1,Intel(R) Wi-Fi 6 AX201 160MHz - 22.45.1.1,117,0,0,1,117,100.0%
Intel(R) Wi-Fi 6 AX201 160MHz,22.50.1.1,Intel(R) Wi-Fi 6 AX201 160MHz - 22.50.1.1,1869,0,0,2,1869,100.0%
Intel(R) Wi-Fi 6 AX201 160MHz,22.70.0.6,Intel(R) Wi-Fi 6 AX201 160MHz - 22.70.0.6,8230,3,0,13,8233,100.0%
Intel(R) Wi-Fi 6 AX201 160MHz,22.170.0.3,Intel(R) Wi-Fi 6 AX201 160MHz - 22.170.0.3,17464,7,0,23,17471,100.0%
Intel(R) Wi-Fi 6 AX201 160MHz,22.0.0.6,Intel(R) Wi-Fi 6 AX201 160MHz - 22.0.0.6,99299,43,0,88,99342,100.0%
Intel(R) Wi-Fi 6 AX201 160MHz,21.80.2.1,Intel(R) Wi-Fi 6 AX201 160MHz - 21.80.2.1,7115,1,0,6,7116,100.0%
Intel(R) Wi-Fi 6 AX201 160MHz,21.70.0.6,Intel(R) Wi-Fi 6 AX201 160MHz - 21.70.0.6,3406,0,0,2,3406,100.0%
Intel(R) Wi-Fi 6 AX201 160MHz,21.40.1.3,Intel(R) Wi-Fi 6 AX201 160MHz - 21.40.1.3,17,0,0,1,17,100.0%
Intel(R) Wi-Fi 6 AX201 160MHz,23.50.0.6,Intel(R) Wi-Fi 6 AX201 160MHz - 23.50.0.6,899,0,0,1,899,100.0%
Intel(R) Wi-Fi 6 AX201 160MHz,21.110.3.2,Intel(R) Wi-Fi 6 AX201 160MHz - 21.110.3.2,5943,1,0,6,5944,100.0%
Intel(R) Wi-Fi 6 AX201 160MHz,23.80.1.3,Intel(R) Wi-Fi 6 AX201 160MHz - 23.80.1.3,3857,0,0,4,3857,100.0%
Intel(R) Wi-Fi 6E AX210 160MHz,22.110.1.1,Intel(R) Wi-Fi 6E AX210 160MHz - 22.110.1.1,1440,0,0,1,1440,100.0%
Intel(R) Wi-Fi 6E AX210 160MHz,22.130.0.5,Intel(R) Wi-Fi 6E AX210 160MHz - 22.130.0.5,1437,0,0,1,1437,100.0%
Intel(R) Wi-Fi 6E AX210 160MHz,22.170.0.3,Intel(R) Wi-Fi 6E AX210 160MHz - 22.170.0.3,205,0,0,1,205,100.0%
Intel(R) Wi-Fi 6E AX210 160MHz,22.230.0.8,Intel(R) Wi-Fi 6E AX210 160MHz - 22.230.0.8,1436,0,0,1,1436,100.0%
Intel(R) Wi-Fi 6E AX210 160MHz,22.230.1.1,Intel(R) Wi-Fi 6E AX210 160MHz - 22.230.1.1,1315,0,0,1,1315,100.0%
Intel(R) Wi-Fi 7 BE200 320MHz,23.30.0.6,Intel(R) Wi-Fi 7 BE200 320MHz - 23.30.0.6,80,0,0,1,80,100.0%
Intel(R) Wi-Fi 7 BE200 320MHz,23.90.0.2,Intel(R) Wi-Fi 7 BE200 320MHz - 23.90.0.2,1612,0,0,3,1612,100.0%
Intel(R) Wireless-AC 9260 160MHz,20.120.0.100,Intel(R) Wireless-AC 9260 160MHz - 20.120.0.100,1433,0,0,1,1433,100.0%
Intel(R) Wireless-AC 9560 160MHz,22.10.0.7,Intel(R) Wireless-AC 9560 160MHz - 22.10.0.7,12603,5,0,12,12608,100.0%
Intel(R) Wireless-AC 9560 160MHz,21.110.2.1,Intel(R) Wireless-AC 9560 160MHz - 21.110.2.1,278,0,0,1,278,100.0%
Intel(R) Wireless-AC 9560 160MHz,21.120.0.9,Intel(R) Wireless-AC 9560 160MHz - 21.120.0.9,1436,0,0,1,1436,100.0%
Intel(R) Wireless-AC 9560 160MHz,21.30.3.2,Intel(R) Wireless-AC 9560 160MHz - 21.30.3.2,33167,0,0,26,33167,100.0%
Intel(R) Wireless-AC 9560 160MHz,21.40.2.2,Intel(R) Wireless-AC 9560 160MHz - 21.40.2.2,8416,0,0,6,8416,100.0%
Intel(R) Wireless-AC 9560 160MHz,21.70.0.6,Intel(R) Wireless-AC 9560 160MHz - 21.70.0.6,2027,0,0,2,2027,100.0%
Intel(R) Wireless-AC 9560 160MHz,21.80.2.1,Intel(R) Wireless-AC 9560 160MHz - 21.80.2.1,2584,1,0,4,2585,100.0%
Intel(R) Wireless-AC 9560 160MHz,21.90.1.2,Intel(R) Wireless-AC 9560 160MHz - 21.90.1.2,25894,0,0,20,25894,100.0%
Intel(R) Wireless-AC 9560 160MHz,22.0.1.1,Intel(R) Wireless-AC 9560 160MHz - 22.0.1.1,7,0,0,1,7,100.0%
Intel(R) Dual Band Wireless-AC 8265,20.70.12.5,Intel(R) Dual Band Wireless-AC 8265 - 20.70.12.5,1437,0,0,2,1437,100.0%
Intel(R) Wi-Fi 6 AX200 160MHz,21.80.2.1,Intel(R) Wi-Fi 6 AX200 160MHz - 21.80.2.1,1911,0,0,2,1911,100.0%
Intel(R) Wireless-AC 9560 160MHz,22.130.0.5,Intel(R) Wireless-AC 9560 160MHz - 22.130.0.5,649,0,0,3,649,100.0%
Intel(R) Wireless-AC 9560 160MHz,22.150.1.1,Intel(R) Wireless-AC 9560 160MHz - 22.150.1.1,1379,0,0,2,1379,100.0%
Intel(R) Wireless-AC 9560 160MHz,22.160.0.3,Intel(R) Wireless-AC 9560 160MHz - 22.160.0.3,80,0,0,1,80,100.0%
Intel(R) Wireless-AC 9560 160MHz,22.170.0.3,Intel(R) Wireless-AC 9560 160MHz - 22.170.0.3,4002,0,0,5,4002,100.0%
Intel(R) Wireless-AC 9560 160MHz,22.190.0.4,Intel(R) Wireless-AC 9560 160MHz - 22.190.0.4,843,0,0,1,843,100.0%
Intel(R) Wireless-AC 9560 160MHz,22.200.2.1,Intel(R) Wireless-AC 9560 160MHz - 22.200.2.1,1279,0,0,4,1279,100.0%
Intel(R) Wireless-AC 9560 160MHz,22.230.0.8,Intel(R) Wireless-AC 9560 160MHz - 22.230.0.8,3265,0,0,3,3265,100.0%
Intel(R) Dual Band Wireless-AC 8265,20.70.11.3,Intel(R) Dual Band Wireless-AC 8265 - 20.70.11.3,15172,0,0,17,15172,100.0%
Intel(R) Wireless-AC 9560 160MHz,21.110.1.1,Intel(R) Wireless-AC 9560 160MHz - 21.110.1.1,19391,0,0,14,19391,100.0%
Intel(R) Wireless-AC 9560 160MHz,21.10.1.2,Intel(R) Wireless-AC 9560 160MHz - 21.10.1.2,40864,0,0,29,40864,100.0%
Intel(R) Wireless-AC 9560 160MHz,21.0.1.1,Intel(R) Wireless-AC 9560 160MHz - 21.0.1.1,15509,0,0,11,15509,100.0%
Intel(R) Wireless-AC 9560 160MHz,21.0.0.5,Intel(R) Wireless-AC 9560 160MHz - 21.0.0.5,1440,0,0,1,1440,100.0%
Intel(R) Wireless-AC 9260 160MHz,22.120.0.3,Intel(R) Wireless-AC 9260 160MHz - 22.120.0.3,3550,1,0,3,3551,100.0%
Intel(R) Wireless-AC 9260 160MHz,22.140.0.3,Intel(R) Wireless-AC 9260 160MHz - 22.140.0.3,2,0,0,1,2,100.0%
Intel(R) Wi-Fi 6 AX200 160MHz,21.50.1.1,Intel(R) Wi-Fi 6 AX200 160MHz - 21.50.1.1,240,0,0,1,240,100.0%
Intel(R) Wireless-AC 9260 160MHz,22.180.0.4,Intel(R) Wireless-AC 9260 160MHz - 22.180.0.4,1420,0,0,1,1420,100.0%
Intel(R) Wi-Fi 6 AX200 160MHz,21.40.2.2,Intel(R) Wi-Fi 6 AX200 160MHz - 21.40.2.2,4257,2,0,10,4259,100.0%
Intel(R) Wireless-AC 9260 160MHz,22.240.0.6,Intel(R) Wireless-AC 9260 160MHz - 22.240.0.6,887,0,0,2,887,100.0%
Intel(R) Wi-Fi 6 AX200 160MHz,21.10.1.2,Intel(R) Wi-Fi 6 AX200 160MHz - 21.10.1.2,2583,0,0,1,2583,100.0%
Intel(R) Dual Band Wireless-AC 8265,20.70.8.1,Intel(R) Dual Band Wireless-AC 8265 - 20.70.8.1,5045,1,0,7,5046,100.0%
Intel(R) Dual Band Wireless-AC 8265,20.70.5.2,Intel(R) Dual Band Wireless-AC 8265 - 20.70.5.2,4745,0,0,3,4745,100.0%
Intel(R) Dual Band Wireless-AC 8265,20.70.3.3,Intel(R) Dual Band Wireless-AC 8265 - 20.70.3.3,882,0,0,1,882,100.0%
Intel(R) Wireless-AC 9260 160MHz,23.60.1.2,Intel(R) Wireless-AC 9260 160MHz - 23.60.1.2,1,0,0,1,1,100.0%
Intel(R) Wireless-AC 9560,20.30.4.1,Intel(R) Wireless-AC 9560 - 20.30.4.1,2154,0,0,2,2154,100.0%
Intel(R) Wireless-AC 9560,20.40.0.4,Intel(R) Wireless-AC 9560 - 20.40.0.4,2017,0,0,2,2017,100.0%
Intel(R) Wireless-AC 9560,20.90.0.7,Intel(R) Wireless-AC 9560 - 20.90.0.7,2875,0,0,2,2875,100.0%
Intel(R) Wireless-AC 9560 160MHz,20.100.0.4,Intel(R) Wireless-AC 9560 160MHz - 20.100.0.4,2872,0,0,2,2872,100.0%
Intel(R) Wireless-AC 9560 160MHz,20.110.0.3,Intel(R) Wireless-AC 9560 160MHz - 20.110.0.3,1443,0,0,2,1443,100.0%
Dell Wireless 1550 802.11ac,6.30.223.259,Dell Wireless 1550 802.11ac - 6.30.223.259,1438,0,0,1,1438,100.0%
Intel(R) Wi-Fi 6E AX211 160MHz,22.150.1.1,Intel(R) Wi-Fi 6E AX211 160MHz - 22.150.1.1,7,59,0,1,66,10.6%
