Adapter,Driver,Adapter-Driver,Good Sum,Critical Sum,Warning Sum,Client Count,Total Sum,Good Roaming Calculation (%)
Intel(R) Wi-Fi 6E AX210 160MHz,23.40.0.4,Intel(R) Wi-Fi 6E AX210 160MHz - 23.40.0.4,711,1,0,1,712,99.9%
Intel(R) Wireless-AC 9560 160MHz,23.40.0.4,Intel(R) Wireless-AC 9560 160MHz - 23.40.0.4,43050,62,0,30,43112,99.9%
Intel(R) Wi-Fi 6E AX210 160MHz,22.250.1.2,Intel(R) Wi-Fi 6E AX210 160MHz - 22.250.1.2,2708,2,0,1,2710,99.9%
Intel(R) Wi-Fi 6E AX211 160MHz,23.120.0.3,Intel(R) Wi-Fi 6E AX211 160MHz - 23.120.0.3,1760,1,0,4,1761,99.9%
Intel(R) Wireless-AC 9560 160MHz,21.80.2.1,Intel(R) Wireless-AC 9560 160MHz - 21.80.2.1,774,1,0,2,775,99.9%
Intel(R) Wi-Fi 6 AX201 160MHz,22.40.0.7,Intel(R) Wi-Fi 6 AX201 160MHz - 22.40.0.7,113356,145,0,276,113501,99.9%
Intel(R) Wireless-AC 9560 160MHz,23.30.0.6,Intel(R) Wireless-AC 9560 160MHz - 23.30.0.6,2000,2,0,4,2002,99.9%
Intel(R) Dual Band Wireless-AC 8260,20.70.2.1,Intel(R) Dual Band Wireless-AC 8260 - 20.70.2.1,5532,8,0,4,5540,99.9%
Intel(R) Wi-Fi 6E AX210 160MHz,22.230.0.8,Intel(R) Wi-Fi 6E AX210 160MHz - 22.230.0.8,1438,2,0,1,1440,99.9%
Intel(R) Dual Band Wireless-AC 7265,19.51.40.1,Intel(R) Dual Band Wireless-AC 7265 - 19.51.40.1,2873,2,0,2,2875,99.9%
Realtek RTL8852BE WiFi 6 802.11ax PCIe Adapter,6001.15.152.0,Realtek RTL8852BE WiFi 6 802.11ax PCIe Adapter - 6001.15.152.0,24814,37,0,53,24851,99.9%
Intel(R) Wi-Fi 6 AX201 160MHz,23.30.0.6,Intel(R) Wi-Fi 6 AX201 160MHz - 23.30.0.6,20055,40,0,50,20095,99.8%
Intel(R) Wi-Fi 6 AX200 160MHz,23.120.0.3,Intel(R) Wi-Fi 6 AX200 160MHz - 23.120.0.3,2591,4,0,5,2595,99.8%
Intel(R) Wi-Fi 6 AX201 160MHz,22.10.0.7,Intel(R) Wi-Fi 6 AX201 160MHz - 22.10.0.7,36593,55,0,81,36648,99.8%
Intel(R) Wi-Fi 6 AX200 160MHz,22.40.0.7,Intel(R) Wi-Fi 6 AX200 160MHz - 22.40.0.7,12480,28,0,20,12508,99.8%
Intel(R) Wi-Fi 6 AX201 160MHz,22.100.1.1,Intel(R) Wi-Fi 6 AX201 160MHz - 22.100.1.1,49317,93,0,100,49410,99.8%
Intel(R) Wi-Fi 6 AX201 160MHz,22.0.0.6,Intel(R) Wi-Fi 6 AX201 160MHz - 22.0.0.6,17267,39,0,15,17306,99.8%
Intel(R) Wi-Fi 6 AX201 160MHz,22.200.0.6,Intel(R) Wi-Fi 6 AX201 160MHz - 22.200.0.6,2877,6,0,6,2883,99.8%
Intel(R) Wi-Fi 6 AX201 160MHz,22.0.1.5,Intel(R) Wi-Fi 6 AX201 160MHz - 22.0.1.5,7764,18,0,7,7782,99.8%
Intel(R) Wi-Fi 6 AX201 160MHz,22.250.1.2,Intel(R) Wi-Fi 6 AX201 160MHz - 22.250.1.2,7893,15,0,12,7908,99.8%
Intel(R) Wi-Fi 6 AX201 160MHz,23.20.1.1,Intel(R) Wi-Fi 6 AX201 160MHz - 23.20.1.1,1217,3,0,2,1220,99.8%
Intel(R) Wi-Fi 6 AX201 160MHz,23.120.0.3,Intel(R) Wi-Fi 6 AX201 160MHz - 23.120.0.3,38243,69,0,77,38312,99.8%
Intel(R) Wi-Fi 6 AX201 160MHz,23.60.1.2,Intel(R) Wi-Fi 6 AX201 160MHz - 23.60.1.2,146730,357,0,271,147087,99.8%
Intel(R) Wi-Fi 6E AX210 160MHz,23.110.0.5,Intel(R) Wi-Fi 6E AX210 160MHz - 23.110.0.5,1364,3,0,7,1367,99.8%
Intel(R) Dual Band Wireless-AC 8265,20.70.19.1,Intel(R) Dual Band Wireless-AC 8265 - 20.70.19.1,1434,3,0,1,1437,99.8%
Intel(R) Wireless-AC 9560 160MHz,21.30.3.2,Intel(R) Wireless-AC 9560 160MHz - 21.30.3.2,1360,3,0,2,1363,99.8%
Intel(R) Dual Band Wireless-AC 8265,20.70.12.5,Intel(R) Dual Band Wireless-AC 8265 - 20.70.12.5,1437,3,0,1,1440,99.8%
Intel(R) Wi-Fi 6 AX201 160MHz,22.180.0.4,Intel(R) Wi-Fi 6 AX201 160MHz - 22.180.0.4,2568,5,0,2,2573,99.8%
Intel(R) Wi-Fi 6E AX211 160MHz,22.170.0.3,Intel(R) Wi-Fi 6E AX211 160MHz - 22.170.0.3,5591,11,0,4,5602,99.8%
Intel(R) Wi-Fi 6E AX211 160MHz,22.200.2.1,Intel(R) Wi-Fi 6E AX211 160MHz - 22.200.2.1,14489,43,0,31,14532,99.7%
Intel(R) Wi-Fi 6 AX201 160MHz,21.110.2.1,Intel(R) Wi-Fi 6 AX201 160MHz - 21.110.2.1,639,2,0,1,641,99.7%
Intel(R) Wireless-AC 9560 160MHz,23.40.1.1,Intel(R) Wireless-AC 9560 160MHz - 23.40.1.1,369,1,0,1,370,99.7%
Intel(R) Wi-Fi 6 AX201 160MHz,22.0.1.1,Intel(R) Wi-Fi 6 AX201 160MHz - 22.0.1.1,23102,58,0,58,23160,99.7%
Intel(R) Wi-Fi 6 AX201 160MHz,22.110.1.1,Intel(R) Wi-Fi 6 AX201 160MHz - 22.110.1.1,3450,10,0,18,3460,99.7%
Intel(R) Wi-Fi 6E AX211 160MHz,23.40.0.4,Intel(R) Wi-Fi 6E AX211 160MHz - 23.40.0.4,939,3,0,2,942,99.7%
Intel(R) Wireless-AC 9260 160MHz,21.110.1.1,Intel(R) Wireless-AC 9260 160MHz - 21.110.1.1,3069,10,0,3,3079,99.7%
Intel(R) Wireless-AC 9462,22.70.0.6,Intel(R) Wireless-AC 9462 - 22.70.0.6,1422,4,0,1,1426,99.7%
Intel(R) Wi-Fi 6 AX201 160MHz,22.220.0.4,Intel(R) Wi-Fi 6 AX201 160MHz - 22.220.0.4,1841,5,0,4,1846,99.7%
Intel(R) Wi-Fi 6 AX201 160MHz,22.20.0.6,Intel(R) Wi-Fi 6 AX201 160MHz - 22.20.0.6,12549,38,0,10,12587,99.7%
Intel(R) Wi-Fi 6E AX211 160MHz,23.80.1.3,Intel(R) Wi-Fi 6E AX211 160MHz - 23.80.1.3,1576,5,0,4,1581,99.7%
Intel(R) Wi-Fi 6 AX201 160MHz,23.40.1.1,Intel(R) Wi-Fi 6 AX201 160MHz - 23.40.1.1,1597,6,0,4,1603,99.6%
Intel(R) Wi-Fi 6 AX201 160MHz,21.110.1.1,Intel(R) Wi-Fi 6 AX201 160MHz - 21.110.1.1,46034,202,0,35,46236,99.6%
Fi,16.0 (1657),Fi - 16.0 (1657),71498,286,0,132,71784,99.6%
Intel(R) Wi-Fi 6E AX211 160MHz,22.240.0.6,Intel(R) Wi-Fi 6E AX211 160MHz - 22.240.0.6,2372,9,0,4,2381,99.6%
Intel(R) Wireless-AC 9560 160MHz,23.80.0.7,Intel(R) Wireless-AC 9560 160MHz - 23.80.0.7,17021,66,0,38,17087,99.6%
Intel(R) Wi-Fi 6 AX200 160MHz,23.60.1.2,Intel(R) Wi-Fi 6 AX200 160MHz - 23.60.1.2,6910,26,0,8,6936,99.6%
Intel(R) Wi-Fi 6 AX200 160MHz,21.120.0.9,Intel(R) Wi-Fi 6 AX200 160MHz - 21.120.0.9,4838,17,0,14,4855,99.6%
Intel(R) Wi-Fi 6E AX210 160MHz,22.150.0.3,Intel(R) Wi-Fi 6E AX210 160MHz - 22.150.0.3,1103,5,0,1,1108,99.5%
Intel(R) Wi-Fi 6E AX210 160MHz,23.60.1.2,Intel(R) Wi-Fi 6E AX210 160MHz - 23.60.1.2,3790,18,0,6,3808,99.5%
Intel(R) Wi-Fi 6 AX200 160MHz,22.170.0.3,Intel(R) Wi-Fi 6 AX200 160MHz - 22.170.0.3,2574,14,0,7,2588,99.5%
Intel(R) Dual Band Wireless-AC 8260,20.70.23.1,Intel(R) Dual Band Wireless-AC 8260 - 20.70.23.1,12331,67,0,9,12398,99.5%
Intel(R) Wi-Fi 6E AX211 160MHz,23.110.0.5,Intel(R) Wi-Fi 6E AX211 160MHz - 23.110.0.5,158815,802,0,233,159617,99.5%
Intel(R) Wireless-AC 9560 160MHz,22.250.1.2,Intel(R) Wireless-AC 9560 160MHz - 22.250.1.2,27493,141,0,20,27634,99.5%
Intel(R) Wi-Fi 6 AX201 160MHz,22.60.0.6,Intel(R) Wi-Fi 6 AX201 160MHz - 22.60.0.6,596,3,0,3,599,99.5%
Intel(R) Wi-Fi 6 AX200 160MHz,23.90.0.2,Intel(R) Wi-Fi 6 AX200 160MHz - 23.90.0.2,116070,749,0,86,116819,99.4%
Intel(R) Wi-Fi 6E AX211 160MHz,23.90.0.2,Intel(R) Wi-Fi 6E AX211 160MHz - 23.90.0.2,26411,167,0,47,26578,99.4%
Intel(R) Wi-Fi 6 AX201 160MHz,22.250.10.1,Intel(R) Wi-Fi 6 AX201 160MHz - 22.250.10.1,3006,17,0,4,3023,99.4%
Killer(R) Wi-Fi 6 AX1650s 160MHz Wireless Network Adapter (201D2W),23.90.0.2,Killer(R) Wi-Fi 6 AX1650s 160MHz Wireless Network Adapter (201D2W) - 23.90.0.2,4396,26,0,8,4422,99.4%
Intel(R) Wi-Fi 6 AX201 160MHz,22.190.0.4,Intel(R) Wi-Fi 6 AX201 160MHz - 22.190.0.4,9093,57,0,28,9150,99.4%
Intel(R) Wi-Fi 6 AX201 160MHz,22.140.0.3,Intel(R) Wi-Fi 6 AX201 160MHz - 22.140.0.3,3755,23,0,5,3778,99.4%
Intel(R) Wi-Fi 6E AX211 160MHz,23.80.0.7,Intel(R) Wi-Fi 6E AX211 160MHz - 23.80.0.7,2643,16,0,9,2659,99.4%
Intel(R) Wi-Fi 6E AX211 160MHz,22.250.1.2,Intel(R) Wi-Fi 6E AX211 160MHz - 22.250.1.2,823,5,0,3,828,99.4%
Intel(R) Wi-Fi 6 AX201 160MHz,23.90.0.2,Intel(R) Wi-Fi 6 AX201 160MHz - 23.90.0.2,179394,1148,0,197,180542,99.4%
Intel(R) Wi-Fi 6 AX201 160MHz,22.130.0.5,Intel(R) Wi-Fi 6 AX201 160MHz - 22.130.0.5,1565,11,0,3,1576,99.3%
Intel(R) Wi-Fi 6 AX201 160MHz,23.40.0.4,Intel(R) Wi-Fi 6 AX201 160MHz - 23.40.0.4,44712,306,0,84,45018,99.3%
Intel(R) Wi-Fi 6E AX211 160MHz,23.10.0.8,Intel(R) Wi-Fi 6E AX211 160MHz - 23.10.0.8,842,6,0,1,848,99.3%
Intel(R) Wi-Fi 6 AX201 160MHz,22.30.0.11,Intel(R) Wi-Fi 6 AX201 160MHz - 22.30.0.11,805,6,0,3,811,99.3%
Intel(R) Wi-Fi 6E AX210 160MHz,23.30.0.6,Intel(R) Wi-Fi 6E AX210 160MHz - 23.30.0.6,136,1,0,1,137,99.3%
Intel(R) Wireless-AC 9560 160MHz,22.10.0.7,Intel(R) Wireless-AC 9560 160MHz - 22.10.0.7,510,4,0,1,514,99.2%
Intel(R) Wi-Fi 6 AX201 160MHz,22.240.0.6,Intel(R) Wi-Fi 6 AX201 160MHz - 22.240.0.6,7586,67,0,25,7653,99.1%
Intel(R) Wi-Fi 6 AX201 160MHz,23.110.0.5,Intel(R) Wi-Fi 6 AX201 160MHz - 23.110.0.5,18095,185,0,50,18280,99.0%
Intel(R) Wi-Fi 6 AX200 160MHz,21.50.1.1,Intel(R) Wi-Fi 6 AX200 160MHz - 21.50.1.1,775,8,0,1,783,99.0%
Intel(R) Dual Band Wireless-AC 8260,20.70.18.2,Intel(R) Dual Band Wireless-AC 8260 - 20.70.18.2,5806,59,0,4,5865,99.0%
Intel(R) Dual Band Wireless-AC 8260,20.10.0.6,Intel(R) Dual Band Wireless-AC 8260 - 20.10.0.6,1422,14,0,1,1436,99.0%
Intel(R) Wi-Fi 6E AX210 160MHz,23.90.0.2,Intel(R) Wi-Fi 6E AX210 160MHz - 23.90.0.2,4166,45,0,7,4211,98.9%
Intel(R) Wi-Fi 6E AX211 160MHz,23.20.1.1,Intel(R) Wi-Fi 6E AX211 160MHz - 23.20.1.1,1774,21,0,9,1795,98.8%
Intel(R) Dual Band Wireless-AC 8265,20.70.18.2,Intel(R) Dual Band Wireless-AC 8265 - 20.70.18.2,16833,206,0,18,17039,98.8%
Intel(R) Dual Band Wireless-AC 7260,18.33.17.1,Intel(R) Dual Band Wireless-AC 7260 - 18.33.17.1,1422,18,0,1,1440,98.8%
Intel(R) Wi-Fi 6 AX201 160MHz,22.160.0.3,Intel(R) Wi-Fi 6 AX201 160MHz - 22.160.0.3,161,2,0,2,163,98.8%
Intel(R) Wi-Fi 6E AX211 160MHz,23.60.1.2,Intel(R) Wi-Fi 6E AX211 160MHz - 23.60.1.2,24981,326,0,63,25307,98.7%
Intel(R) Wi-Fi 6 AX201 160MHz,23.60.0.10,Intel(R) Wi-Fi 6 AX201 160MHz - 23.60.0.10,638,9,0,4,647,98.6%
Intel(R) Wi-Fi 6 AX201 160MHz,22.200.2.1,Intel(R) Wi-Fi 6 AX201 160MHz - 22.200.2.1,13329,208,0,26,13537,98.5%
Intel(R) Dual Band Wireless-AC 8265,20.70.30.1,Intel(R) Dual Band Wireless-AC 8265 - 20.70.30.1,18010,267,0,35,18277,98.5%
Intel(R) Wi-Fi 6E AX211 160MHz,22.220.1.1,Intel(R) Wi-Fi 6E AX211 160MHz - 22.220.1.1,49627,799,0,37,50426,98.4%
Intel(R) Wi-Fi 6 AX200 160MHz,23.80.0.7,Intel(R) Wi-Fi 6 AX200 160MHz - 23.80.0.7,14189,243,0,26,14432,98.3%
Intel(R) Wi-Fi 6 AX201 160MHz,22.230.0.8,Intel(R) Wi-Fi 6 AX201 160MHz - 22.230.0.8,2234,39,0,8,2273,98.3%
Intel(R) Wi-Fi 6 AX201 160MHz,22.100.0.3,Intel(R) Wi-Fi 6 AX201 160MHz - 22.100.0.3,607,11,0,2,618,98.2%
Intel(R) Wireless-AC 9260 160MHz,23.40.0.4,Intel(R) Wireless-AC 9260 160MHz - 23.40.0.4,1409,27,0,1,1436,98.1%
Intel(R) Wi-Fi 6 AX201 160MHz,22.150.0.3,Intel(R) Wi-Fi 6 AX201 160MHz - 22.150.0.3,10011,213,0,27,10224,97.9%
Intel(R) Wi-Fi 6 AX201 160MHz,23.80.0.7,Intel(R) Wi-Fi 6 AX201 160MHz - 23.80.0.7,64952,1875,0,179,66827,97.2%
Intel(R) Wi-Fi 6 AX201 160MHz,23.80.1.3,Intel(R) Wi-Fi 6 AX201 160MHz - 23.80.1.3,238,7,0,1,245,97.1%
Intel(R) Wi-Fi 6 AX200 160MHz,22.230.0.8,Intel(R) Wi-Fi 6 AX200 160MHz - 22.230.0.8,25,1,0,1,26,96.2%
Intel(R) Wi-Fi 6E AX211 160MHz,22.150.1.1,Intel(R) Wi-Fi 6E AX211 160MHz - 22.150.1.1,124,5,0,1,129,96.1%
Intel(R) Wi-Fi 6 AX201 160MHz,22.120.0.3,Intel(R) Wi-Fi 6 AX201 160MHz - 22.120.0.3,6073,251,0,8,6324,96.0%
Intel(R) Dual Band Wireless-AC 8265,20.70.27.1,Intel(R) Dual Band Wireless-AC 8265 - 20.70.27.1,1360,58,0,1,1418,95.9%
Intel(R) Wi-Fi 6 AX200 160MHz,21.60.0.5,Intel(R) Wi-Fi 6 AX200 160MHz - 21.60.0.5,15691,1453,0,46,17144,91.5%
Intel(R) Wi-Fi 6 AX200 160MHz,23.60.0.10,Intel(R) Wi-Fi 6 AX200 160MHz - 23.60.0.10,3310,339,0,10,3649,90.7%
Intel(R) Wi-Fi 6 AX201 160MHz,22.160.3.2,Intel(R) Wi-Fi 6 AX201 160MHz - 22.160.3.2,8,1,0,1,9,88.9%
Intel(R) Wi-Fi 6 AX201 160MHz,22.80.1.1,Intel(R) Wi-Fi 6 AX201 160MHz - 22.80.1.1,1487,493,0,2,1980,75.1%
MediaTek Wi-Fi 6E MT7922 (RZ616) 160MHz PCIe Adapter,3.3.0.908,MediaTek Wi-Fi 6E MT7922 (RZ616) 160MHz PCIe Adapter - 3.3.0.908,280,1193,0,1,1473,19.0%
Intel(R) Wireless-AC 9560 160MHz,22.160.0.4,Intel(R) Wireless-AC 9560 160MHz - 22.160.0.4,3862,0,0,3,3862,100.0%
Intel(R) Wireless-AC 9560 160MHz,22.190.0.4,Intel(R) Wireless-AC 9560 160MHz - 22.190.0.4,1436,0,0,1,1436,100.0%
Intel(R) Dual Band Wireless-AC 8265,20.70.3.3,Intel(R) Dual Band Wireless-AC 8265 - 20.70.3.3,1439,0,0,1,1439,100.0%
Intel(R) Wireless-AC 9560 160MHz,22.170.0.3,Intel(R) Wireless-AC 9560 160MHz - 22.170.0.3,3216,0,0,5,3216,100.0%
Intel(R) Wireless-AC 9560,23.80.1.3,Intel(R) Wireless-AC 9560 - 23.80.1.3,54,0,0,1,54,100.0%
Intel(R) Dual Band Wireless-AC 8260,20.70.5.2,Intel(R) Dual Band Wireless-AC 8260 - 20.70.5.2,2617,0,0,2,2617,100.0%
Intel(R) Dual Band Wireless-AC 7265,19.51.30.1,Intel(R) Dual Band Wireless-AC 7265 - 19.51.30.1,4808,2,0,5,4810,100.0%
Intel(R) Dual Band Wireless-AC 8260,20.70.6.1,Intel(R) Dual Band Wireless-AC 8260 - 20.70.6.1,449,0,0,1,449,100.0%
Realtek 8822CE Wireless LAN 802.11ac PCI-E NIC,2024.0.8.140,Realtek 8822CE Wireless LAN 802.11ac PCI-E NIC - 2024.0.8.140,26,0,0,1,26,100.0%
Intel(R) Dual Band Wireless-AC 7265,19.51.14.1,Intel(R) Dual Band Wireless-AC 7265 - 19.51.14.1,1432,0,0,1,1432,100.0%
Intel(R) Wireless-AC 9560 160MHz,20.110.0.3,Intel(R) Wireless-AC 9560 160MHz - 20.110.0.3,1439,0,0,2,1439,100.0%
Intel(R) Wireless-AC 9560 160MHz,22.240.0.6,Intel(R) Wireless-AC 9560 160MHz - 22.240.0.6,1437,0,0,2,1437,100.0%
Intel(R) Wireless-AC 9560 160MHz,22.80.0.9,Intel(R) Wireless-AC 9560 160MHz - 22.80.0.9,301,0,0,1,301,100.0%
Intel(R) Dual Band Wireless-AC 8260,20.70.30.1,Intel(R) Dual Band Wireless-AC 8260 - 20.70.30.1,14175,3,0,14,14178,100.0%
Intel(R) Wireless-AC 9560 160MHz,22.40.0.7,Intel(R) Wireless-AC 9560 160MHz - 22.40.0.7,1439,0,0,1,1439,100.0%
Intel(R) Dual Band Wireless-AC 8265,20.50.0.5,Intel(R) Dual Band Wireless-AC 8265 - 20.50.0.5,541,0,0,1,541,100.0%
Intel(R) Wireless-AC 9560 160MHz,22.80.1.1,Intel(R) Wireless-AC 9560 160MHz - 22.80.1.1,1438,0,0,1,1438,100.0%
Intel(R) Wireless-AC 9560 160MHz,23.110.0.5,Intel(R) Wireless-AC 9560 160MHz - 23.110.0.5,1943,0,0,2,1943,100.0%
Intel(R) Wireless-AC 9560 160MHz,23.120.0.3,Intel(R) Wireless-AC 9560 160MHz - 23.120.0.3,1648,0,0,2,1648,100.0%
Intel(R) Dual Band Wireless-AC 8260,20.70.21.2,Intel(R) Dual Band Wireless-AC 8260 - 20.70.21.2,1708,0,0,3,1708,100.0%
Intel(R) Dual Band Wireless-AC 8265,20.70.21.2,Intel(R) Dual Band Wireless-AC 8265 - 20.70.21.2,12798,5,0,12,12803,100.0%
Intel(R) Wireless-AC 9560 160MHz,23.60.1.2,Intel(R) Wireless-AC 9560 160MHz - 23.60.1.2,772,0,0,2,772,100.0%
Intel(R) Dual Band Wireless-AC 7265,19.51.31.1,Intel(R) Dual Band Wireless-AC 7265 - 19.51.31.1,1434,0,0,1,1434,100.0%
Marvell AVASTAR Wireless-AC Network Controller,15.68.17022.122,Marvell AVASTAR Wireless-AC Network Controller - 15.68.17022.122,43,0,0,2,43,100.0%
Intel(R) Dual Band Wireless-AC 8260,20.50.0.5,Intel(R) Dual Band Wireless-AC 8260 - 20.50.0.5,3696,0,0,3,3696,100.0%
MediaTek Wi-Fi 6E MT7922 (RZ616) 160MHz PCIe Adapter,3.3.0.897,MediaTek Wi-Fi 6E MT7922 (RZ616) 160MHz PCIe Adapter - 3.3.0.897,24,0,0,1,24,100.0%
Intel(R) Dual Band Wireless-AC 7265,19.51.15.3,Intel(R) Dual Band Wireless-AC 7265 - 19.51.15.3,5701,0,0,4,5701,100.0%
Intel(R) Dual Band Wireless-AC 8260,20.70.12.5,Intel(R) Dual Band Wireless-AC 8260 - 20.70.12.5,105,0,0,1,105,100.0%
Intel(R) Wi-Fi 6 AX201 160MHz,22.250.0.4,Intel(R) Wi-Fi 6 AX201 160MHz - 22.250.0.4,7180,0,0,5,7180,100.0%
Intel(R) Wireless-AC 9260 160MHz,22.180.0.4,Intel(R) Wireless-AC 9260 160MHz - 22.180.0.4,1340,0,0,1,1340,100.0%
Intel(R) Dual Band Wireless-AC 8265,20.70.25.2,Intel(R) Dual Band Wireless-AC 8265 - 20.70.25.2,9912,1,0,9,9913,100.0%
Intel(R) Wi-Fi 6 AX201 160MHz,22.170.2.1,Intel(R) Wi-Fi 6 AX201 160MHz - 22.170.2.1,2543,0,0,2,2543,100.0%
Intel(R) Wi-Fi 6 AX201 160MHz,22.45.1.1,Intel(R) Wi-Fi 6 AX201 160MHz - 22.45.1.1,101,0,0,1,101,100.0%
Intel(R) Wi-Fi 6 AX201 160MHz,22.170.0.3,Intel(R) Wi-Fi 6 AX201 160MHz - 22.170.0.3,8335,4,0,13,8339,100.0%
Intel(R) Wi-Fi 6 AX201 160MHz,22.70.0.6,Intel(R) Wi-Fi 6 AX201 160MHz - 22.70.0.6,483,0,0,1,483,100.0%
Intel(R) Wi-Fi 6 AX201 160MHz,23.100.0.4,Intel(R) Wi-Fi 6 AX201 160MHz - 23.100.0.4,2915,0,0,3,2915,100.0%
Intel(R) Wi-Fi 6 AX201 160MHz,21.90.2.1,Intel(R) Wi-Fi 6 AX201 160MHz - 21.90.2.1,1439,0,0,1,1439,100.0%
Intel(R) Wi-Fi 6 AX201 160MHz,21.70.0.6,Intel(R) Wi-Fi 6 AX201 160MHz - 21.70.0.6,1513,0,0,1,1513,100.0%
Intel(R) Wi-Fi 6 AX201 160MHz,21.40.1.3,Intel(R) Wi-Fi 6 AX201 160MHz - 21.40.1.3,1438,0,0,1,1438,100.0%
Intel(R) Wi-Fi 6E AX210 160MHz,22.170.0.3,Intel(R) Wi-Fi 6E AX210 160MHz - 22.170.0.3,1,0,0,1,1,100.0%
Intel(R) Wi-Fi 6E AX210 160MHz,22.80.0.9,Intel(R) Wi-Fi 6E AX210 160MHz - 22.80.0.9,31,0,0,1,31,100.0%
Intel(R) Wi-Fi 6 AX200 160MHz,23.40.0.4,Intel(R) Wi-Fi 6 AX200 160MHz - 23.40.0.4,8933,4,0,14,8937,100.0%
Intel(R) Wi-Fi 6 AX200 160MHz,23.20.1.1,Intel(R) Wi-Fi 6 AX200 160MHz - 23.20.1.1,1439,0,0,1,1439,100.0%
Intel(R) Wi-Fi 6 AX200 160MHz,22.80.1.1,Intel(R) Wi-Fi 6 AX200 160MHz - 22.80.1.1,15,0,0,1,15,100.0%
Intel(R) Wi-Fi 6 AX200 160MHz,22.70.0.6,Intel(R) Wi-Fi 6 AX200 160MHz - 22.70.0.6,565,0,0,1,565,100.0%
Intel(R) Wi-Fi 6E AX210 160MHz,23.80.0.7,Intel(R) Wi-Fi 6E AX210 160MHz - 23.80.0.7,96,0,0,1,96,100.0%
Intel(R) Wi-Fi 6E AX211 160MHz,22.130.0.5,Intel(R) Wi-Fi 6E AX211 160MHz - 22.130.0.5,7,0,0,1,7,100.0%
Intel(R) Wi-Fi 6 AX200 160MHz,22.250.1.2,Intel(R) Wi-Fi 6 AX200 160MHz - 22.250.1.2,1438,0,0,1,1438,100.0%
Intel(R) Wi-Fi 6 AX200 160MHz,22.250.0.4,Intel(R) Wi-Fi 6 AX200 160MHz - 22.250.0.4,8625,2,0,6,8627,100.0%
Intel(R) Wi-Fi 6E AX211 160MHz,22.220.0.4,Intel(R) Wi-Fi 6E AX211 160MHz - 22.220.0.4,577,0,0,1,577,100.0%
Intel(R) Wi-Fi 6E AX211 160MHz,22.230.0.8,Intel(R) Wi-Fi 6E AX211 160MHz - 22.230.0.8,1017,0,0,3,1017,100.0%
Intel(R) Wi-Fi 6E AX211 160MHz,22.250.0.4,Intel(R) Wi-Fi 6E AX211 160MHz - 22.250.0.4,1438,0,0,1,1438,100.0%
Intel(R) Wi-Fi 6 AX200 160MHz,22.110.1.1,Intel(R) Wi-Fi 6 AX200 160MHz - 22.110.1.1,1435,0,0,1,1435,100.0%
Intel(R) Wi-Fi 6E AX211 160MHz,23.100.0.4,Intel(R) Wi-Fi 6E AX211 160MHz - 23.100.0.4,2670,1,0,3,2671,100.0%
Intel(R) Wi-Fi 6 AX200 160MHz,21.10.1.2,Intel(R) Wi-Fi 6 AX200 160MHz - 21.10.1.2,879,0,0,1,879,100.0%
Intel(R) Wi-Fi 6E AX211 160MHz,23.30.0.6,Intel(R) Wi-Fi 6E AX211 160MHz - 23.30.0.6,629,0,0,1,629,100.0%
Intel(R) Dual Band Wireless-AC 8265,20.70.32.1,Intel(R) Dual Band Wireless-AC 8265 - 20.70.32.1,1566,0,0,2,1566,100.0%
Intel(R) Wi-Fi 6E AX211 160MHz,23.40.1.1,Intel(R) Wi-Fi 6E AX211 160MHz - 23.40.1.1,506,0,0,2,506,100.0%
Intel(R) Wi-Fi 6E AX211 160MHz,23.70.0.6,Intel(R) Wi-Fi 6E AX211 160MHz - 23.70.0.6,1231,0,0,2,1231,100.0%
Intel(R) Dual Band Wireless-AC 8265,20.70.26.2,Intel(R) Dual Band Wireless-AC 8265 - 20.70.26.2,166,0,0,1,166,100.0%
Intel(R) Dual Band Wireless-AC 3160,18.33.17.1,Intel(R) Dual Band Wireless-AC 3160 - 18.33.17.1,1378,0,0,1,1378,100.0%
