Adapter,Driver,Adapter-Driver,Good Sum,Critical Sum,Warning Sum,Client Count,Total Sum,Good Roaming Calculation (%)
Intel(R) Wireless-AC 9560 160MHz,22.50.0.7,Intel(R) Wireless-AC 9560 160MHz - 22.50.0.7,3691,4,0,5,3695,99.9%
Intel(R) Wi-Fi 6 AX201 160MHz,23.40.0.4,Intel(R) Wi-Fi 6 AX201 160MHz - 23.40.0.4,36586,37,0,63,36623,99.9%
Intel(R) Dual Band Wireless-AC 8265,20.70.16.4,Intel(R) Dual Band Wireless-AC 8265 - 20.70.16.4,2449,3,0,4,2452,99.9%
Intel(R) Dual Band Wireless-AC 7265,19.51.15.3,Intel(R) Dual Band Wireless-AC 7265 - 19.51.15.3,13955,18,0,11,13973,99.9%
Intel(R) Dual Band Wireless-AC 8265,20.70.19.1,Intel(R) Dual Band Wireless-AC 8265 - 20.70.19.1,1215,1,0,1,1216,99.9%
Qualcomm QCA61x4A 802.11ac Wireless Adapter,12.0.0.1118,Qualcomm QCA61x4A 802.11ac Wireless Adapter - 12.0.0.1118,22625,25,0,26,22650,99.9%
Qualcomm FastConnect 6900 Wi-Fi 6E Dual Band Simultaneous (DBS) WiFiCx Network Adapter,2.0.0.1229,Qualcomm FastConnect 6900 Wi-Fi 6E Dual Band Simultaneous (DBS) WiFiCx Network Adapter - 2.0.0.1229,21079,16,0,24,21095,99.9%
Intel(R) Dual Band Wireless-AC 8265,20.70.30.1,Intel(R) Dual Band Wireless-AC 8265 - 20.70.30.1,14418,9,0,15,14427,99.9%
Intel(R) Wireless-AC 9560 160MHz,23.60.1.2,Intel(R) Wireless-AC 9560 160MHz - 23.60.1.2,123423,139,0,98,123562,99.9%
Intel(R) Dual Band Wireless-AC 8265,21.120.0.9,Intel(R) Dual Band Wireless-AC 8265 - 21.120.0.9,1408,1,0,1,1409,99.9%
Intel(R) Wireless-AC 9560 160MHz,23.90.0.2,Intel(R) Wireless-AC 9560 160MHz - 23.90.0.2,250000,217,0,195,250217,99.9%
Qualcomm FastConnect 6900 Wi-Fi 6E Dual Band Simultaneous (DBS) WDI Network Adapter,1.0.0.1633,Qualcomm FastConnect 6900 Wi-Fi 6E Dual Band Simultaneous (DBS) WDI Network Adapter - 1.0.0.1633,1054,1,0,1,1055,99.9%
Intel(R) Wi-Fi 6 AX201 160MHz,22.160.0.3,Intel(R) Wi-Fi 6 AX201 160MHz - 22.160.0.3,2840,2,0,10,2842,99.9%
Intel(R) Wi-Fi 6 AX200 160MHz,21.120.0.9,Intel(R) Wi-Fi 6 AX200 160MHz - 21.120.0.9,1729,2,0,5,1731,99.9%
Intel(R) Wi-Fi 6 AX201 160MHz,22.150.1.1,Intel(R) Wi-Fi 6 AX201 160MHz - 22.150.1.1,3683,3,0,6,3686,99.9%
Intel(R) Wi-Fi 6 AX200 160MHz,21.60.0.5,Intel(R) Wi-Fi 6 AX200 160MHz - 21.60.0.5,9565,11,0,27,9576,99.9%
Intel(R) Wi-Fi 6 AX201 160MHz,22.100.1.1,Intel(R) Wi-Fi 6 AX201 160MHz - 22.100.1.1,27721,40,0,62,27761,99.9%
Intel(R) Wi-Fi 6 AX201 160MHz,22.100.0.3,Intel(R) Wi-Fi 6 AX201 160MHz - 22.100.0.3,4422,4,0,5,4426,99.9%
Intel(R) Wi-Fi 6 AX201 160MHz,22.0.1.1,Intel(R) Wi-Fi 6 AX201 160MHz - 22.0.1.1,30062,20,0,62,30082,99.9%
MediaTek Wi-Fi 6 MT7921 Wireless LAN Card,3.0.1.1314,MediaTek Wi-Fi 6 MT7921 Wireless LAN Card - 3.0.1.1314,4276,3,0,7,4279,99.9%
Intel(R) Wi-Fi 6 AX200 160MHz,23.80.0.7,Intel(R) Wi-Fi 6 AX200 160MHz - 23.80.0.7,15136,22,0,37,15158,99.9%
Intel(R) Wi-Fi 6 AX201 160MHz,23.100.0.4,Intel(R) Wi-Fi 6 AX201 160MHz - 23.100.0.4,26312,15,0,21,26327,99.9%
Intel(R) Wi-Fi 6 AX200 160MHz,23.110.0.5,Intel(R) Wi-Fi 6 AX200 160MHz - 23.110.0.5,1377,1,0,4,1378,99.9%
Intel(R) Dual Band Wireless-AC 8260,20.70.2.1,Intel(R) Dual Band Wireless-AC 8260 - 20.70.2.1,5691,8,0,4,5699,99.9%
Intel(R) Wi-Fi 6E AX211 160MHz,22.230.0.8,Intel(R) Wi-Fi 6E AX211 160MHz - 22.230.0.8,8065,9,0,15,8074,99.9%
Realtek RTL8852BE WiFi 6 802.11ax PCIe Adapter,6001.15.131.0,Realtek RTL8852BE WiFi 6 802.11ax PCIe Adapter - 6001.15.131.0,26986,26,0,24,27012,99.9%
Intel(R) Wireless-AC 9560 160MHz,22.160.0.4,Intel(R) Wireless-AC 9560 160MHz - 22.160.0.4,72477,61,0,65,72538,99.9%
Intel(R) Wi-Fi 6E AX211 160MHz,23.50.0.6,Intel(R) Wi-Fi 6E AX211 160MHz - 23.50.0.6,1546,1,0,6,1547,99.9%
Intel(R) Wi-Fi 6E AX211 160MHz,23.20.1.1,Intel(R) Wi-Fi 6E AX211 160MHz - 23.20.1.1,7375,7,0,17,7382,99.9%
Intel(R) Wi-Fi 6E AX210 160MHz,23.90.0.2,Intel(R) Wi-Fi 6E AX210 160MHz - 23.90.0.2,14728,17,0,24,14745,99.9%
Intel(R) Dual Band Wireless-AC 7265,19.51.48.1,Intel(R) Dual Band Wireless-AC 7265 - 19.51.48.1,828,1,0,3,829,99.9%
Intel(R) Wireless-AC 9560 160MHz,21.90.3.2,Intel(R) Wireless-AC 9560 160MHz - 21.90.3.2,1781,2,0,2,1783,99.9%
Realtek RTL8852AE WiFi 6 802.11ax PCIe Adapter,6001.10.356.1,Realtek RTL8852AE WiFi 6 802.11ax PCIe Adapter - 6001.10.356.1,36635,69,0,56,36704,99.8%
Intel(R) Dual Band Wireless-AC 8265,20.70.3.3,Intel(R) Dual Band Wireless-AC 8265 - 20.70.3.3,18450,36,0,17,18486,99.8%
Intel(R) Wi-Fi 6E AX211 160MHz,22.240.0.6,Intel(R) Wi-Fi 6E AX211 160MHz - 22.240.0.6,2484,4,0,3,2488,99.8%
Intel(R) Wi-Fi 6 AX201 160MHz,22.200.2.1,Intel(R) Wi-Fi 6 AX201 160MHz - 22.200.2.1,20607,44,0,26,20651,99.8%
Intel(R) Wi-Fi 6 AX201 160MHz,23.70.2.3,Intel(R) Wi-Fi 6 AX201 160MHz - 23.70.2.3,1279,3,0,6,1282,99.8%
Intel(R) Dual Band Wireless-AC 8265,20.70.4.2,Intel(R) Dual Band Wireless-AC 8265 - 20.70.4.2,98083,242,0,71,98325,99.8%
Intel(R) Dual Band Wireless-AC 8260,20.70.12.5,Intel(R) Dual Band Wireless-AC 8260 - 20.70.12.5,1590,3,0,2,1593,99.8%
Intel(R) Wi-Fi 6 AX201 160MHz,23.80.0.7,Intel(R) Wi-Fi 6 AX201 160MHz - 23.80.0.7,66023,160,0,99,66183,99.8%
Intel(R) Wi-Fi 6 AX201 160MHz,22.10.0.7,Intel(R) Wi-Fi 6 AX201 160MHz - 22.10.0.7,27459,64,0,63,27523,99.8%
Intel(R) Wi-Fi 6E AX211 160MHz,23.80.0.7,Intel(R) Wi-Fi 6E AX211 160MHz - 23.80.0.7,43447,103,0,16,43550,99.8%
Intel(R) Dual Band Wireless-AC 8265,20.70.26.2,Intel(R) Dual Band Wireless-AC 8265 - 20.70.26.2,975,2,0,3,977,99.8%
Intel(R) Wi-Fi 6 AX200 160MHz,23.60.1.2,Intel(R) Wi-Fi 6 AX200 160MHz - 23.60.1.2,50311,83,0,40,50394,99.8%
Intel(R) Wi-Fi 6 AX201 160MHz,22.40.0.7,Intel(R) Wi-Fi 6 AX201 160MHz - 22.40.0.7,51988,103,0,177,52091,99.8%
Intel(R) Dual Band Wireless-AC 8260,20.70.23.1,Intel(R) Dual Band Wireless-AC 8260 - 20.70.23.1,15528,36,0,12,15564,99.8%
Qualcomm QCA61x4A 802.11ac Wireless Adapter,12.0.0.1272,Qualcomm QCA61x4A 802.11ac Wireless Adapter - 12.0.0.1272,28056,47,0,24,28103,99.8%
Intel(R) Wi-Fi 6E AX210 160MHz,23.60.1.2,Intel(R) Wi-Fi 6E AX210 160MHz - 23.60.1.2,572,1,0,3,573,99.8%
Intel(R) Wi-Fi 6E AX210 160MHz,23.120.0.3,Intel(R) Wi-Fi 6E AX210 160MHz - 23.120.0.3,8339,18,0,14,8357,99.8%
Intel(R) Wireless-AC 9560 160MHz,22.30.0.11,Intel(R) Wireless-AC 9560 160MHz - 22.30.0.11,5860,11,0,5,5871,99.8%
Intel(R) Dual Band Wireless-AC 8265,20.30.1.2,Intel(R) Dual Band Wireless-AC 8265 - 20.30.1.2,1331,2,0,4,1333,99.8%
Realtek RTL8852BE WiFi 6 802.11ax PCIe Adapter,6001.15.149.100,Realtek RTL8852BE WiFi 6 802.11ax PCIe Adapter - 6001.15.149.100,169128,296,0,148,169424,99.8%
Intel(R) Wi-Fi 6E AX211 160MHz,23.70.2.3,Intel(R) Wi-Fi 6E AX211 160MHz - 23.70.2.3,1867,6,0,8,1873,99.7%
Intel(R) Wi-Fi 6E AX211 160MHz,23.60.1.2,Intel(R) Wi-Fi 6E AX211 160MHz - 23.60.1.2,56328,151,0,64,56479,99.7%
Intel(R) Wi-Fi 6 AX201 160MHz,22.230.0.8,Intel(R) Wi-Fi 6 AX201 160MHz - 22.230.0.8,26418,75,0,37,26493,99.7%
Intel(R) Wi-Fi 6 AX201 160MHz,22.150.0.3,Intel(R) Wi-Fi 6 AX201 160MHz - 22.150.0.3,19824,57,0,36,19881,99.7%
Intel(R) Wi-Fi 6E AX211 160MHz,23.120.0.3,Intel(R) Wi-Fi 6E AX211 160MHz - 23.120.0.3,83539,232,0,113,83771,99.7%
Intel(R) Wi-Fi 6E AX211 160MHz,23.100.0.4,Intel(R) Wi-Fi 6E AX211 160MHz - 23.100.0.4,9918,32,0,10,9950,99.7%
Intel(R) Wi-Fi 6 AX201 160MHz,22.250.1.2,Intel(R) Wi-Fi 6 AX201 160MHz - 22.250.1.2,288364,823,0,473,289187,99.7%
Intel(R) Wi-Fi 6 AX201 160MHz,22.30.0.11,Intel(R) Wi-Fi 6 AX201 160MHz - 22.30.0.11,1928,6,0,3,1934,99.7%
Fi,16.0 (1657),Fi - 16.0 (1657),37340,120,0,98,37460,99.7%
Marvell AVASTAR Wireless-AC Network Controller,15.68.17022.122,Marvell AVASTAR Wireless-AC Network Controller - 15.68.17022.122,3095,8,0,10,3103,99.7%
Intel(R) Dual Band Wireless-AC 8265,20.70.32.1,Intel(R) Dual Band Wireless-AC 8265 - 20.70.32.1,23307,63,0,37,23370,99.7%
Intel(R) Dual Band Wireless-AC 8265,20.70.21.2,Intel(R) Dual Band Wireless-AC 8265 - 20.70.21.2,5754,15,0,11,5769,99.7%
Intel(R) Wi-Fi 6 AX200 160MHz,22.200.0.6,Intel(R) Wi-Fi 6 AX200 160MHz - 22.200.0.6,3124,10,0,3,3134,99.7%
Intel(R) Wi-Fi 6 AX201 160MHz,22.240.0.6,Intel(R) Wi-Fi 6 AX201 160MHz - 22.240.0.6,17146,73,0,28,17219,99.6%
Intel(R) Wi-Fi 6 AX200 160MHz,22.150.0.3,Intel(R) Wi-Fi 6 AX200 160MHz - 22.150.0.3,240,1,0,1,241,99.6%
Intel(R) Wi-Fi 6 AX201 160MHz,23.40.1.1,Intel(R) Wi-Fi 6 AX201 160MHz - 23.40.1.1,1423,5,0,1,1428,99.6%
Intel(R) Wi-Fi 6 AX200 160MHz,22.170.0.3,Intel(R) Wi-Fi 6 AX200 160MHz - 22.170.0.3,1115,4,0,4,1119,99.6%
Intel(R) Wi-Fi 6 AX201 160MHz,23.120.0.3,Intel(R) Wi-Fi 6 AX201 160MHz - 23.120.0.3,13894,56,0,21,13950,99.6%
MediaTek Wi-Fi 6 MT7921 Wireless LAN Card,24.40.2.575,MediaTek Wi-Fi 6 MT7921 Wireless LAN Card - 24.40.2.575,14653,60,0,25,14713,99.6%
Intel(R) Wi-Fi 6E AX211 160MHz,23.30.0.6,Intel(R) Wi-Fi 6E AX211 160MHz - 23.30.0.6,100939,361,0,153,101300,99.6%
Intel(R) Dual Band Wireless-AC 8260,20.70.32.1,Intel(R) Dual Band Wireless-AC 8260 - 20.70.32.1,17957,80,0,17,18037,99.6%
Intel(R) Wi-Fi 6E AX211 160MHz,22.250.1.2,Intel(R) Wi-Fi 6E AX211 160MHz - 22.250.1.2,2197,11,0,3,2208,99.5%
Intel(R) Wireless-AC 9260 160MHz,21.20.1.1,Intel(R) Wireless-AC 9260 160MHz - 21.20.1.1,385,2,0,2,387,99.5%
Intel(R) Wi-Fi 6 AX200 160MHz,22.40.0.7,Intel(R) Wi-Fi 6 AX200 160MHz - 22.40.0.7,5722,29,0,14,5751,99.5%
Intel(R) Wi-Fi 6 AX201 160MHz,23.90.0.2,Intel(R) Wi-Fi 6 AX201 160MHz - 23.90.0.2,830501,5260,0,813,835761,99.4%
Realtek 8821CE Wireless LAN 802.11ac PCI-E NIC,2024.10.139.3,Realtek 8821CE Wireless LAN 802.11ac PCI-E NIC - 2024.10.139.3,1977,12,0,3,1989,99.4%
Intel(R) Wi-Fi 6 AX201 160MHz,23.60.1.2,Intel(R) Wi-Fi 6 AX201 160MHz - 23.60.1.2,177232,1003,0,202,178235,99.4%
MediaTek Wi-Fi 6 MT7921 Wireless LAN Card,23.32.2.560,MediaTek Wi-Fi 6 MT7921 Wireless LAN Card - 23.32.2.560,881,5,0,1,886,99.4%
Intel(R) Wi-Fi 6 AX201 160MHz,22.250.10.1,Intel(R) Wi-Fi 6 AX201 160MHz - 22.250.10.1,1333,8,0,1,1341,99.4%
Intel(R) Wi-Fi 6 AX201 160MHz,23.30.0.6,Intel(R) Wi-Fi 6 AX201 160MHz - 23.30.0.6,21558,137,0,77,21695,99.4%
Intel(R) Wi-Fi 6 AX201 160MHz,22.160.0.4,Intel(R) Wi-Fi 6 AX201 160MHz - 22.160.0.4,14032,86,0,10,14118,99.4%
Intel(R) Wi-Fi 6E AX211 160MHz,23.90.0.2,Intel(R) Wi-Fi 6E AX211 160MHz - 23.90.0.2,1509626,10143,0,1442,1519769,99.3%
Intel(R) Wi-Fi 6 AX200 160MHz,23.30.0.6,Intel(R) Wi-Fi 6 AX200 160MHz - 23.30.0.6,6548,50,0,16,6598,99.2%
Realtek 8821CE Wireless LAN 802.11ac PCI-E NIC,2024.10.138.0,Realtek 8821CE Wireless LAN 802.11ac PCI-E NIC - 2024.10.138.0,1360,13,0,1,1373,99.1%
Intel(R) Wi-Fi 6 AX200 160MHz,22.120.1.9,Intel(R) Wi-Fi 6 AX200 160MHz - 22.120.1.9,21351,208,0,16,21559,99.0%
Intel(R) Wi-Fi 6E AX211 160MHz,23.110.0.5,Intel(R) Wi-Fi 6E AX211 160MHz - 23.110.0.5,88015,880,0,105,88895,99.0%
Intel(R) Wi-Fi 6 AX201 160MHz,22.110.1.1,Intel(R) Wi-Fi 6 AX201 160MHz - 22.110.1.1,15485,168,0,34,15653,98.9%
Intel(R) Wi-Fi 6 AX201 160MHz,23.110.0.5,Intel(R) Wi-Fi 6 AX201 160MHz - 23.110.0.5,19886,212,0,36,20098,98.9%
Intel(R) Wi-Fi 6E AX211 160MHz,22.220.1.1,Intel(R) Wi-Fi 6E AX211 160MHz - 22.220.1.1,50751,580,0,41,51331,98.9%
Intel(R) Wi-Fi 6 AX200 160MHz,23.40.0.4,Intel(R) Wi-Fi 6 AX200 160MHz - 23.40.0.4,1803,24,0,6,1827,98.7%
Intel(R) Dual Band Wireless-AC 7265,19.51.42.2,Intel(R) Dual Band Wireless-AC 7265 - 19.51.42.2,21886,340,0,29,22226,98.5%
Linux,iwlwifi,iwlwifi,26286,429,0,21,26715,98.4%
Intel(R) Dual Band Wireless-AC 8260,20.10.0.6,Intel(R) Dual Band Wireless-AC 8260 - 20.10.0.6,1387,22,0,1,1409,98.4%
Intel(R) Wi-Fi 6 AX201 160MHz,22.200.0.6,Intel(R) Wi-Fi 6 AX201 160MHz - 22.200.0.6,1978,35,0,4,2013,98.3%
Intel(R) Dual Band Wireless-AC 8260,20.70.18.2,Intel(R) Dual Band Wireless-AC 8260 - 20.70.18.2,6830,117,0,5,6947,98.3%
Intel(R) Wi-Fi 6 AX200 160MHz,22.60.0.6,Intel(R) Wi-Fi 6 AX200 160MHz - 22.60.0.6,1576,29,0,2,1605,98.2%
MediaTek Wi-Fi 6E MT7922 (RZ616) 160MHz PCIe Adapter,3.3.0.908,MediaTek Wi-Fi 6E MT7922 (RZ616) 160MHz PCIe Adapter - 3.3.0.908,468,9,0,1,477,98.1%
Intel(R) Dual Band Wireless-AC 7260,17.15.0.5,Intel(R) Dual Band Wireless-AC 7260 - 17.15.0.5,5588,142,0,2,5730,97.5%
Intel(R) Wi-Fi 6 AX200 160MHz,23.60.0.10,Intel(R) Wi-Fi 6 AX200 160MHz - 23.60.0.10,187,5,0,1,192,97.4%
Intel(R) Wi-Fi 6E AX211 160MHz,22.200.2.1,Intel(R) Wi-Fi 6E AX211 160MHz - 22.200.2.1,19219,582,0,46,19801,97.1%
"Wi-Fi  (0x14E4, 0x4387)",16.0 (1657),"Wi-Fi  (0x14E4, 0x4387) - 16.0 (1657)",1766,53,0,4,1819,97.1%
Intel(R) Wireless-AC 9560 160MHz,22.250.0.4,Intel(R) Wireless-AC 9560 160MHz - 22.250.0.4,30954,1006,0,33,31960,96.9%
Realtek RTL8811AU Wireless LAN 802.11ac USB 2.0 Network Adapter,1030.44.822.2023,Realtek RTL8811AU Wireless LAN 802.11ac USB 2.0 Network Adapter - 1030.44.822.2023,29739,1037,0,20,30776,96.6%
Killer(R) Wi-Fi 6 AX1650s 160MHz Wireless Network Adapter (201D2W),23.90.0.2,Killer(R) Wi-Fi 6 AX1650s 160MHz Wireless Network Adapter (201D2W) - 23.90.0.2,12344,575,0,14,12919,95.5%
Qualcomm FastConnect 6900 Wi-Fi 6E Dual Band Simultaneous (DBS) WiFiCx Network Adapter,2.0.0.1193,Qualcomm FastConnect 6900 Wi-Fi 6E Dual Band Simultaneous (DBS) WiFiCx Network Adapter - 2.0.0.1193,5744,286,0,8,6030,95.3%
Intel(R) Wi-Fi 6 AX201 160MHz,22.220.1.1,Intel(R) Wi-Fi 6 AX201 160MHz - 22.220.1.1,3005,175,0,3,3180,94.5%
Intel(R) Wi-Fi 6 AX201 160MHz,23.60.0.10,Intel(R) Wi-Fi 6 AX201 160MHz - 23.60.0.10,12219,740,0,19,12959,94.3%
Intel(R) Wi-Fi 6E AX211 160MHz,22.190.0.4,Intel(R) Wi-Fi 6E AX211 160MHz - 22.190.0.4,5916,685,0,10,6601,89.6%
Realtek RTL8852BE WiFi 6 802.11ax PCIe Adapter,6001.15.155.1,Realtek RTL8852BE WiFi 6 802.11ax PCIe Adapter - 6001.15.155.1,14671,1860,0,15,16531,88.7%
MediaTek Wi-Fi 6E MT7922 (RZ616) 160MHz PCIe Adapter,3.3.0.897,MediaTek Wi-Fi 6E MT7922 (RZ616) 160MHz PCIe Adapter - 3.3.0.897,787,139,0,2,926,85.0%
Intel(R) Wireless-AC 9560 160MHz,21.80.2.1,Intel(R) Wireless-AC 9560 160MHz - 21.80.2.1,1473,0,0,3,1473,100.0%
Intel(R) Wireless-AC 9560 160MHz,22.120.0.3,Intel(R) Wireless-AC 9560 160MHz - 22.120.0.3,2718,0,0,2,2718,100.0%
Intel(R) Wireless-AC 9260 160MHz,23.60.1.2,Intel(R) Wireless-AC 9260 160MHz - 23.60.1.2,1277,0,0,1,1277,100.0%
Realtek RTL8822BE 802.11ac PCIe Adapter,2024.0.10.209,Realtek RTL8822BE 802.11ac PCIe Adapter - 2024.0.10.209,97,0,0,1,97,100.0%
Intel(R) Wireless-AC 9560 160MHz,22.10.0.7,Intel(R) Wireless-AC 9560 160MHz - 22.10.0.7,7349,0,0,6,7349,100.0%
Realtek RTL8822CE 802.11ac PCIe Adapter,2024.10.227.0,Realtek RTL8822CE 802.11ac PCIe Adapter - 2024.10.227.0,667,0,0,1,667,100.0%
Intel(R) Wireless-AC 9260 160MHz,23.80.0.7,Intel(R) Wireless-AC 9260 160MHz - 23.80.0.7,1009,0,0,1,1009,100.0%
Intel(R) Wireless-AC 9560,20.40.0.4,Intel(R) Wireless-AC 9560 - 20.40.0.4,2019,0,0,2,2019,100.0%
Intel(R) Wireless-AC 9560 160MHz,21.90.1.2,Intel(R) Wireless-AC 9560 160MHz - 21.90.1.2,22285,0,0,17,22285,100.0%
Intel(R) Wireless-AC 9560,20.90.0.7,Intel(R) Wireless-AC 9560 - 20.90.0.7,3717,0,0,3,3717,100.0%
Intel(R) Wireless-AC 9560 160MHz,20.100.0.4,Intel(R) Wireless-AC 9560 160MHz - 20.100.0.4,1465,0,0,2,1465,100.0%
Realtek RTL8852AE WiFi 6 802.11ax PCIe Adapter,6001.10.353.0,Realtek RTL8852AE WiFi 6 802.11ax PCIe Adapter - 6001.10.353.0,1155,0,0,3,1155,100.0%
Realtek RTL8852AE WiFi 6 802.11ax PCIe Adapter,6001.10.356.0,Realtek RTL8852AE WiFi 6 802.11ax PCIe Adapter - 6001.10.356.0,239,0,0,1,239,100.0%
Intel(R) Wireless-AC 9560 160MHz,21.30.3.2,Intel(R) Wireless-AC 9560 160MHz - 21.30.3.2,30260,0,0,28,30260,100.0%
Intel(R) Wireless-AC 9560 160MHz,20.110.0.3,Intel(R) Wireless-AC 9560 160MHz - 20.110.0.3,1437,0,0,1,1437,100.0%
Intel(R) Wireless-AC 9560 160MHz,21.0.1.1,Intel(R) Wireless-AC 9560 160MHz - 21.0.1.1,7497,0,0,6,7497,100.0%
Intel(R) Wireless-AC 9560 160MHz,21.120.0.9,Intel(R) Wireless-AC 9560 160MHz - 21.120.0.9,2032,0,0,2,2032,100.0%
Intel(R) Wireless-AC 9560 160MHz,21.50.1.1,Intel(R) Wireless-AC 9560 160MHz - 21.50.1.1,2256,1,0,4,2257,100.0%
Realtek RTL8852BE WiFi 6 802.11ax PCIe Adapter,6001.15.152.0,Realtek RTL8852BE WiFi 6 802.11ax PCIe Adapter - 6001.15.152.0,1491,0,0,9,1491,100.0%
Intel(R) Wireless-AC 9560 160MHz,21.10.1.2,Intel(R) Wireless-AC 9560 160MHz - 21.10.1.2,27509,0,0,22,27509,100.0%
Realtek RTL8852BE WiFi 6 802.11ax PCIe Adapter,6001.15.123.319,Realtek RTL8852BE WiFi 6 802.11ax PCIe Adapter - 6001.15.123.319,1280,0,0,1,1280,100.0%
Intel(R) Wireless-AC 9560 160MHz,21.110.1.1,Intel(R) Wireless-AC 9560 160MHz - 21.110.1.1,18895,0,0,16,18895,100.0%
Intel(R) Wireless-AC 9560 160MHz,22.140.0.3,Intel(R) Wireless-AC 9560 160MHz - 22.140.0.3,2699,0,0,2,2699,100.0%
Intel(R) Wireless-AC 9560 160MHz,21.40.2.2,Intel(R) Wireless-AC 9560 160MHz - 21.40.2.2,6624,0,0,5,6624,100.0%
Intel(R) Wireless-AC 9560 160MHz,21.110.3.2,Intel(R) Wireless-AC 9560 160MHz - 21.110.3.2,5110,0,0,4,5110,100.0%
Intel(R) Dual Band Wireless-AC 8260,20.50.0.5,Intel(R) Dual Band Wireless-AC 8260 - 20.50.0.5,3853,0,0,3,3853,100.0%
Edimax AC1750 Wi-Fi USB Adapter,1030.44.1014.2024,Edimax AC1750 Wi-Fi USB Adapter - 1030.44.1014.2024,1436,0,0,1,1436,100.0%
Realtek 8822CE Wireless LAN 802.11ac PCI-E NIC,2024.10.139.3,Realtek 8822CE Wireless LAN 802.11ac PCI-E NIC - 2024.10.139.3,206,0,0,1,206,100.0%
Qualcomm QCA61x4A 802.11ac Wireless Adapter,12.0.0.722,Qualcomm QCA61x4A 802.11ac Wireless Adapter - 12.0.0.722,1947,0,0,3,1947,100.0%
Killer(R) Wi-Fi 6 AX1650s 160MHz Wireless Network Adapter (201D2W),23.20.1.1,Killer(R) Wi-Fi 6 AX1650s 160MHz Wireless Network Adapter (201D2W) - 23.20.1.1,363,0,0,1,363,100.0%
Killer Wireless-n/a/ac 1535 Wireless Network Adapter,12.0.0.1118,Killer Wireless-n/a/ac 1535 Wireless Network Adapter - 12.0.0.1118,82,0,0,1,82,100.0%
NETGEAR A6100 WiFi Adapter,1030.25.701.2017,NETGEAR A6100 WiFi Adapter - 1030.25.701.2017,10739,0,0,8,10739,100.0%
TP-Link Wireless MU-MIMO USB Adapter,1030.38.712.2019,TP-Link Wireless MU-MIMO USB Adapter - 1030.38.712.2019,1416,0,0,1,1416,100.0%
Intel Corporation Wireless-AC 9260 [8086:2526] (rev 29),iwlwifi,Intel Corporation Wireless-AC 9260 [8086:2526] (rev 29) - iwlwifi,1173,0,0,1,1173,100.0%
Intel(R) Wireless-AC 9260 160MHz,23.120.0.3,Intel(R) Wireless-AC 9260 160MHz - 23.120.0.3,2214,0,0,3,2214,100.0%
Realtek RTL8811AU Wireless LAN 802.11ac USB 2.0 Network Adapter,1030.38.712.2019,Realtek RTL8811AU Wireless LAN 802.11ac USB 2.0 Network Adapter - 1030.38.712.2019,3165,0,0,2,3165,100.0%
Intel(R) Wi-Fi 6 AX201 160MHz,22.0.1.5,Intel(R) Wi-Fi 6 AX201 160MHz - 22.0.1.5,1439,0,0,1,1439,100.0%
Qualcomm FastConnect 6900 Wi-Fi 6E Dual Band Simultaneous (DBS) WDI Network Adapter,1.0.0.1671,Qualcomm FastConnect 6900 Wi-Fi 6E Dual Band Simultaneous (DBS) WDI Network Adapter - 1.0.0.1671,130,0,0,1,130,100.0%
MediaTek Wi-Fi 6E MT7922 (RZ616) 160MHz PCIe Adapter,3.3.0.800,MediaTek Wi-Fi 6E MT7922 (RZ616) 160MHz PCIe Adapter - 3.3.0.800,4,0,0,1,4,100.0%
MediaTek Wi-Fi 6E MT7922 (RZ616) 160MHz PCIe Adapter,3.4.0.1088,MediaTek Wi-Fi 6E MT7922 (RZ616) 160MHz PCIe Adapter - 3.4.0.1088,1046,0,0,4,1046,100.0%
NETGEAR A8000 WiFi 6 & 6E Adapter,1.0.0.108,NETGEAR A8000 WiFi 6 & 6E Adapter - 1.0.0.108,1471,0,0,1,1471,100.0%
RZ616 Wi-Fi 6E 160MHz,23.32.2.560,RZ616 Wi-Fi 6E 160MHz - 23.32.2.560,205,0,0,1,205,100.0%
Intel(R) Dual Band Wireless-AC 8265,20.50.0.5,Intel(R) Dual Band Wireless-AC 8265 - 20.50.0.5,1468,0,0,2,1468,100.0%
802.11n Wireless PCI Express Card LAN Adapter,5.0.57.1,802.11n Wireless PCI Express Card LAN Adapter - 5.0.57.1,1419,0,0,1,1419,100.0%
Intel(R) Dual Band Wireless-AC 8260,20.70.3.3,Intel(R) Dual Band Wireless-AC 8260 - 20.70.3.3,18786,0,0,17,18786,100.0%
Killer(R) Wi-Fi 6 AX1650s 160MHz Wireless Network Adapter (201D2W),22.250.0.4,Killer(R) Wi-Fi 6 AX1650s 160MHz Wireless Network Adapter (201D2W) - 22.250.0.4,1431,0,0,1,1431,100.0%
Qualcomm FastConnect 6900 Wi-Fi 6E Dual Band Simultaneous (DBS) WDI Network Adapter,1.0.0.1694,Qualcomm FastConnect 6900 Wi-Fi 6E Dual Band Simultaneous (DBS) WDI Network Adapter - 1.0.0.1694,7901,2,0,8,7903,100.0%
Intel(R) Wireless-AC 9560 160MHz,22.150.1.1,Intel(R) Wireless-AC 9560 160MHz - 22.150.1.1,1437,0,0,1,1437,100.0%
Qualcomm QCA9377 802.11ac Wireless Adapter,12.0.0.953,Qualcomm QCA9377 802.11ac Wireless Adapter - 12.0.0.953,1325,0,0,1,1325,100.0%
Intel(R) Wireless-AC 9560 160MHz,22.200.2.1,Intel(R) Wireless-AC 9560 160MHz - 22.200.2.1,585,0,0,1,585,100.0%
Intel(R) Wireless-AC 9560 160MHz,22.230.0.8,Intel(R) Wireless-AC 9560 160MHz - 22.230.0.8,4527,0,0,5,4527,100.0%
Intel(R) Wireless-AC 9560 160MHz,22.240.0.6,Intel(R) Wireless-AC 9560 160MHz - 22.240.0.6,1760,0,0,2,1760,100.0%
Realtek 8822CE Wireless LAN 802.11ac PCI-E NIC,2024.0.8.135,Realtek 8822CE Wireless LAN 802.11ac PCI-E NIC - 2024.0.8.135,286,0,0,2,286,100.0%
Intel(R) Wireless-AC 9560 160MHz,22.250.1.2,Intel(R) Wireless-AC 9560 160MHz - 22.250.1.2,17896,0,0,18,17896,100.0%
Intel(R) Wireless-AC 9560 160MHz,22.250.10.1,Intel(R) Wireless-AC 9560 160MHz - 22.250.10.1,1378,0,0,1,1378,100.0%
Intel(R) Dual Band Wireless-AC 7265,19.51.8.3,Intel(R) Dual Band Wireless-AC 7265 - 19.51.8.3,229,0,0,1,229,100.0%
Intel(R) Wireless-AC 9560 160MHz,22.40.0.7,Intel(R) Wireless-AC 9560 160MHz - 22.40.0.7,424,0,0,1,424,100.0%
Intel(R) Wireless-AC 9560 160MHz,23.80.0.7,Intel(R) Wireless-AC 9560 160MHz - 23.80.0.7,15751,5,0,17,15756,100.0%
Qualcomm QCA61x4A 802.11ac Wireless Adapter,12.0.0.926,Qualcomm QCA61x4A 802.11ac Wireless Adapter - 12.0.0.926,3162,1,0,2,3163,100.0%
Intel(R) Wireless-AC 9560 160MHz,22.80.1.1,Intel(R) Wireless-AC 9560 160MHz - 22.80.1.1,2651,0,0,2,2651,100.0%
Intel(R) Wireless-AC 9560 160MHz,23.110.0.5,Intel(R) Wireless-AC 9560 160MHz - 23.110.0.5,2903,0,0,4,2903,100.0%
Intel(R) Wireless-AC 9560 160MHz,23.120.0.3,Intel(R) Wireless-AC 9560 160MHz - 23.120.0.3,519,0,0,1,519,100.0%
Intel(R) Wireless-AC 9560 160MHz,23.30.0.6,Intel(R) Wireless-AC 9560 160MHz - 23.30.0.6,6323,3,0,11,6326,100.0%
Qualcomm QCA61x4A 802.11ac Wireless Adapter,12.0.0.1016,Qualcomm QCA61x4A 802.11ac Wireless Adapter - 12.0.0.1016,3425,0,0,4,3425,100.0%
Qualcomm FastConnect 6900 Wi-Fi 6E Dual Band Simultaneous (DBS) WiFiCx Network Adapter,2.0.0.1277,Qualcomm FastConnect 6900 Wi-Fi 6E Dual Band Simultaneous (DBS) WiFiCx Network Adapter - 2.0.0.1277,2606,0,0,6,2606,100.0%
Intel(R) Wireless-AC 9260 160MHz,23.50.0.6,Intel(R) Wireless-AC 9260 160MHz - 23.50.0.6,964,0,0,1,964,100.0%
Dell Wireless 1550 802.11ac,6.30.223.259,Dell Wireless 1550 802.11ac - 6.30.223.259,1439,0,0,1,1439,100.0%
Intel(R) Wireless-AC 9260 160MHz,23.110.0.5,Intel(R) Wireless-AC 9260 160MHz - 23.110.0.5,93,0,0,1,93,100.0%
Intel(R) Wi-Fi 6 AX201 160MHz,21.80.2.1,Intel(R) Wi-Fi 6 AX201 160MHz - 21.80.2.1,2858,0,0,6,2858,100.0%
Intel(R) Dual Band Wireless-AC 8265,20.70.8.1,Intel(R) Dual Band Wireless-AC 8265 - 20.70.8.1,1890,0,0,3,1890,100.0%
Intel(R) Dual Band Wireless-AC 8265,22.130.0.5,Intel(R) Dual Band Wireless-AC 8265 - 22.130.0.5,12060,1,0,10,12061,100.0%
Intel(R) Dual Band Wireless-AC 8265,22.30.0.11,Intel(R) Dual Band Wireless-AC 8265 - 22.30.0.11,2183,0,0,2,2183,100.0%
Intel(R) Wi-Fi 6 AX200 160MHz,21.110.1.1,Intel(R) Wi-Fi 6 AX200 160MHz - 21.110.1.1,12338,2,0,31,12340,100.0%
Intel(R) Wi-Fi 6 AX200 160MHz,21.40.2.2,Intel(R) Wi-Fi 6 AX200 160MHz - 21.40.2.2,2576,0,0,6,2576,100.0%
Intel(R) Wi-Fi 6 AX200 160MHz,21.80.2.1,Intel(R) Wi-Fi 6 AX200 160MHz - 21.80.2.1,369,0,0,1,369,100.0%
Intel(R) Wi-Fi 6 AX200 160MHz,22.10.0.7,Intel(R) Wi-Fi 6 AX200 160MHz - 22.10.0.7,1806,0,0,2,1806,100.0%
Intel(R) Wi-Fi 6 AX200 160MHz,22.110.1.1,Intel(R) Wi-Fi 6 AX200 160MHz - 22.110.1.1,2792,0,0,5,2792,100.0%
Intel(R) Wi-Fi 6 AX200 160MHz,22.140.0.3,Intel(R) Wi-Fi 6 AX200 160MHz - 22.140.0.3,4300,0,0,8,4300,100.0%
Intel(R) Wi-Fi 6 AX200 160MHz,22.160.0.4,Intel(R) Wi-Fi 6 AX200 160MHz - 22.160.0.4,1582,0,0,1,1582,100.0%
Intel(R) Wi-Fi 6 AX200 160MHz,22.190.0.4,Intel(R) Wi-Fi 6 AX200 160MHz - 22.190.0.4,6027,0,0,4,6027,100.0%
Intel(R) Wi-Fi 6 AX200 160MHz,22.230.0.8,Intel(R) Wi-Fi 6 AX200 160MHz - 22.230.0.8,4434,0,0,5,4434,100.0%
Intel(R) Wi-Fi 6 AX200 160MHz,22.240.0.6,Intel(R) Wi-Fi 6 AX200 160MHz - 22.240.0.6,2270,0,0,7,2270,100.0%
Intel(R) Wi-Fi 6 AX200 160MHz,22.250.1.2,Intel(R) Wi-Fi 6 AX200 160MHz - 22.250.1.2,4706,0,0,15,4706,100.0%
Intel(R) Wi-Fi 6 AX200 160MHz,22.70.0.6,Intel(R) Wi-Fi 6 AX200 160MHz - 22.70.0.6,1626,0,0,4,1626,100.0%
Intel(R) Wi-Fi 6 AX200 160MHz,23.10.0.8,Intel(R) Wi-Fi 6 AX200 160MHz - 23.10.0.8,61,0,0,1,61,100.0%
Intel(R) Wi-Fi 6 AX200 160MHz,23.120.0.3,Intel(R) Wi-Fi 6 AX200 160MHz - 23.120.0.3,2,0,0,2,2,100.0%
Intel(R) Wi-Fi 6 AX200 160MHz,23.80.1.3,Intel(R) Wi-Fi 6 AX200 160MHz - 23.80.1.3,2979,0,0,3,2979,100.0%
Intel(R) Wi-Fi 6 AX200 160MHz,23.90.0.2,Intel(R) Wi-Fi 6 AX200 160MHz - 23.90.0.2,1549,0,0,2,1549,100.0%
Intel(R) Wi-Fi 6 AX201 160MHz,21.110.1.1,Intel(R) Wi-Fi 6 AX201 160MHz - 21.110.1.1,4721,0,0,5,4721,100.0%
Intel(R) Wi-Fi 6 AX201 160MHz,21.110.3.2,Intel(R) Wi-Fi 6 AX201 160MHz - 21.110.3.2,2983,0,0,4,2983,100.0%
Intel(R) Dual Band Wireless-AC 8265,20.70.5.2,Intel(R) Dual Band Wireless-AC 8265 - 20.70.5.2,4602,0,0,3,4602,100.0%
Intel(R) Dual Band Wireless-AC 8265,20.70.3.3,Intel(R) Dual Band Wireless-AC 8265 - 20.70.3.3,128,0,0,1,128,100.0%
Intel(R) Dual Band Wireless-AC 8265,20.70.27.1,Intel(R) Dual Band Wireless-AC 8265 - 20.70.27.1,900,0,0,2,900,100.0%
Intel(R) Dual Band Wireless-AC 8260,20.70.24.1,Intel(R) Dual Band Wireless-AC 8260 - 20.70.24.1,1294,0,0,1,1294,100.0%
Intel,20.70.30.1,20.70.30.1,77,0,0,1,77,100.0%
Intel,22.250.1.2,22.250.1.2,285,0,0,1,285,100.0%
Intel,23.40.1.1,23.40.1.1,1258,0,0,1,1258,100.0%
Intel,23.80.0.7,23.80.0.7,281,0,0,2,281,100.0%
Intel(R) Dual Band Wireless-AC 3165,22.130.0.5,Intel(R) Dual Band Wireless-AC 3165 - 22.130.0.5,865,0,0,1,865,100.0%
Intel(R) Dual Band Wireless-AC 7260,18.33.15.1,Intel(R) Dual Band Wireless-AC 7260 - 18.33.15.1,279,0,0,1,279,100.0%
Intel(R) Dual Band Wireless-AC 7265,19.51.14.1,Intel(R) Dual Band Wireless-AC 7265 - 19.51.14.1,1434,0,0,1,1434,100.0%
Intel(R) Dual Band Wireless-AC 7265,19.51.18.1,Intel(R) Dual Band Wireless-AC 7265 - 19.51.18.1,198,0,0,1,198,100.0%
Intel(R) Dual Band Wireless-AC 8260,20.70.21.2,Intel(R) Dual Band Wireless-AC 8260 - 20.70.21.2,132,0,0,1,132,100.0%
Intel(R) Dual Band Wireless-AC 8260,20.70.25.2,Intel(R) Dual Band Wireless-AC 8260 - 20.70.25.2,1282,0,0,1,1282,100.0%
Intel(R) Dual Band Wireless-AC 8265,20.70.25.2,Intel(R) Dual Band Wireless-AC 8265 - 20.70.25.2,7574,3,0,12,7577,100.0%
Intel(R) Dual Band Wireless-AC 8260,20.70.30.1,Intel(R) Dual Band Wireless-AC 8260 - 20.70.30.1,8112,0,0,9,8112,100.0%
Intel(R) Dual Band Wireless-AC 8260,20.70.5.2,Intel(R) Dual Band Wireless-AC 8260 - 20.70.5.2,1945,0,0,2,1945,100.0%
Intel(R) Dual Band Wireless-AC 8260,22.60.0.6,Intel(R) Dual Band Wireless-AC 8260 - 22.60.0.6,1437,0,0,1,1437,100.0%
Intel(R) Dual Band Wireless-AC 8265,20.70.10.2,Intel(R) Dual Band Wireless-AC 8265 - 20.70.10.2,862,0,0,1,862,100.0%
Intel(R) Dual Band Wireless-AC 8265,20.70.11.3,Intel(R) Dual Band Wireless-AC 8265 - 20.70.11.3,8789,0,0,11,8789,100.0%
Intel(R) Dual Band Wireless-AC 8265,20.70.12.5,Intel(R) Dual Band Wireless-AC 8265 - 20.70.12.5,2722,0,0,2,2722,100.0%
Intel(R) Dual Band Wireless-AC 8265,20.70.17.1,Intel(R) Dual Band Wireless-AC 8265 - 20.70.17.1,1438,0,0,1,1438,100.0%
Intel(R) Dual Band Wireless-AC 8265,20.70.18.2,Intel(R) Dual Band Wireless-AC 8265 - 20.70.18.2,850,0,0,1,850,100.0%
Intel(R) Dual Band Wireless-AC 8265,20.70.24.1,Intel(R) Dual Band Wireless-AC 8265 - 20.70.24.1,18458,8,0,16,18466,100.0%
Intel(R) Wi-Fi 6 AX201 160MHz,21.40.1.3,Intel(R) Wi-Fi 6 AX201 160MHz - 21.40.1.3,5,0,0,1,5,100.0%
Intel(R) Wi-Fi 6 AX201 160MHz,21.90.2.1,Intel(R) Wi-Fi 6 AX201 160MHz - 21.90.2.1,24335,0,0,23,24335,100.0%
Intel(R) Wireless-AC 9260 160MHz,23.100.0.4,Intel(R) Wireless-AC 9260 160MHz - 23.100.0.4,13439,6,0,10,13445,100.0%
Intel(R) Wi-Fi 6 AX201 160MHz,22.0.0.6,Intel(R) Wi-Fi 6 AX201 160MHz - 22.0.0.6,66376,0,0,55,66376,100.0%
Intel(R) Wi-Fi 6E AX210 160MHz,23.110.0.5,Intel(R) Wi-Fi 6E AX210 160MHz - 23.110.0.5,3819,0,0,5,3819,100.0%
Wi-Fi,16.0 (1657),Wi-Fi - 16.0 (1657),186,0,0,3,186,100.0%
Intel(R) Wi-Fi 6E AX210 160MHz,23.80.0.7,Intel(R) Wi-Fi 6E AX210 160MHz - 23.80.0.7,776,0,0,1,776,100.0%
Intel(R) Wi-Fi 6E AX210 160MHz,23.90.1.3,Intel(R) Wi-Fi 6E AX210 160MHz - 23.90.1.3,661,0,0,1,661,100.0%
Intel(R) Wi-Fi 6E AX211 160MHz,22.110.1.1,Intel(R) Wi-Fi 6E AX211 160MHz - 22.110.1.1,190,0,0,1,190,100.0%
Intel(R) Wi-Fi 6E AX211 160MHz,22.130.0.5,Intel(R) Wi-Fi 6E AX211 160MHz - 22.130.0.5,8004,2,0,15,8006,100.0%
Intel(R) Wi-Fi 6E AX211 160MHz,22.170.2.1,Intel(R) Wi-Fi 6E AX211 160MHz - 22.170.2.1,6876,0,0,10,6876,100.0%
Intel(R) Wi-Fi 6E AX211 160MHz,22.200.0.6,Intel(R) Wi-Fi 6E AX211 160MHz - 22.200.0.6,105,0,0,1,105,100.0%
Intel(R) Wi-Fi 6E AX211 160MHz,22.250.0.4,Intel(R) Wi-Fi 6E AX211 160MHz - 22.250.0.4,5751,1,0,10,5752,100.0%
Intel(R) Wi-Fi 6E AX211 160MHz,22.250.10.1,Intel(R) Wi-Fi 6E AX211 160MHz - 22.250.10.1,3793,0,0,3,3793,100.0%
Intel(R) Wi-Fi 6E AX211 160MHz,23.20.0.4,Intel(R) Wi-Fi 6E AX211 160MHz - 23.20.0.4,277,0,0,2,277,100.0%
Intel(R) Wi-Fi 6E AX211 160MHz,23.40.0.4,Intel(R) Wi-Fi 6E AX211 160MHz - 23.40.0.4,3586,0,0,6,3586,100.0%
Intel(R) Wi-Fi 6E AX211 160MHz,23.40.1.1,Intel(R) Wi-Fi 6E AX211 160MHz - 23.40.1.1,1002,0,0,2,1002,100.0%
Intel(R) Wi-Fi 6E AX211 160MHz,23.60.0.10,Intel(R) Wi-Fi 6E AX211 160MHz - 23.60.0.10,1372,0,0,2,1372,100.0%
Intel(R) Wi-Fi 6E AX211 160MHz,23.80.1.3,Intel(R) Wi-Fi 6E AX211 160MHz - 23.80.1.3,4826,0,0,1,4826,100.0%
Intel(R) Wi-Fi 6E AX211 160MHz,23.90.1.3,Intel(R) Wi-Fi 6E AX211 160MHz - 23.90.1.3,168,0,0,2,168,100.0%
Intel(R) Wireless-AC 9260,20.70.0.100,Intel(R) Wireless-AC 9260 - 20.70.0.100,1026,0,0,1,1026,100.0%
Intel(R) Wireless-AC 9260 160MHz,21.50.1.1,Intel(R) Wireless-AC 9260 160MHz - 21.50.1.1,3008,0,0,3,3008,100.0%
Intel(R) Wireless-AC 9260 160MHz,22.220.0.4,Intel(R) Wireless-AC 9260 160MHz - 22.220.0.4,1380,0,0,1,1380,100.0%
Intel(R) Wireless-AC 9260 160MHz,22.250.1.2,Intel(R) Wireless-AC 9260 160MHz - 22.250.1.2,1379,0,0,1,1379,100.0%
Intel(R) Wireless-AC 9260 160MHz,22.40.0.7,Intel(R) Wireless-AC 9260 160MHz - 22.40.0.7,2,0,0,1,2,100.0%
Intel(R) Wi-Fi 6E AX210 160MHz,22.230.0.8,Intel(R) Wi-Fi 6E AX210 160MHz - 22.230.0.8,1435,0,0,1,1435,100.0%
Intel(R) Wi-Fi 6E AX210 160MHz,22.150.0.3,Intel(R) Wi-Fi 6E AX210 160MHz - 22.150.0.3,1395,0,0,1,1395,100.0%
Intel(R) Wi-Fi 6E AX210 160MHz,22.130.0.5,Intel(R) Wi-Fi 6E AX210 160MHz - 22.130.0.5,1025,0,0,1,1025,100.0%
Intel(R) Wi-Fi 6 AX201 160MHz,22.250.0.4,Intel(R) Wi-Fi 6 AX201 160MHz - 22.250.0.4,3336,0,0,4,3336,100.0%
Intel(R) Wi-Fi 6 AX201 160MHz,22.120.0.3,Intel(R) Wi-Fi 6 AX201 160MHz - 22.120.0.3,316,0,0,1,316,100.0%
Intel(R) Wi-Fi 6 AX201 160MHz,22.130.0.5,Intel(R) Wi-Fi 6 AX201 160MHz - 22.130.0.5,3439,0,0,5,3439,100.0%
Intel(R) Wi-Fi 6 AX201 160MHz,22.140.0.3,Intel(R) Wi-Fi 6 AX201 160MHz - 22.140.0.3,855,0,0,5,855,100.0%
Intel(R) Wi-Fi 6 AX201 160MHz,22.170.0.3,Intel(R) Wi-Fi 6 AX201 160MHz - 22.170.0.3,4604,2,0,9,4606,100.0%
Intel(R) Wi-Fi 6 AX201 160MHz,22.170.2.1,Intel(R) Wi-Fi 6 AX201 160MHz - 22.170.2.1,4186,0,0,6,4186,100.0%
Intel(R) Wi-Fi 6 AX201 160MHz,22.180.0.4,Intel(R) Wi-Fi 6 AX201 160MHz - 22.180.0.4,2282,0,0,4,2282,100.0%
Intel(R) Wi-Fi 6 AX201 160MHz,22.190.0.4,Intel(R) Wi-Fi 6 AX201 160MHz - 22.190.0.4,12934,0,0,12,12934,100.0%
Intel(R) Wi-Fi 6 AX201 160MHz,22.20.0.6,Intel(R) Wi-Fi 6 AX201 160MHz - 22.20.0.6,1631,0,0,3,1631,100.0%
Intel(R) Wi-Fi 6 AX201 160MHz,22.220.0.4,Intel(R) Wi-Fi 6 AX201 160MHz - 22.220.0.4,5794,0,0,5,5794,100.0%
Intel(R) Wi-Fi 6 AX201 160MHz,22.60.1.2,Intel(R) Wi-Fi 6 AX201 160MHz - 22.60.1.2,894,0,0,1,894,100.0%
Intel(R) Wi-Fi 6 AX201 160MHz #2,23.80.0.7,Intel(R) Wi-Fi 6 AX201 160MHz #2 - 23.80.0.7,7,0,0,1,7,100.0%
Intel(R) Wi-Fi 6 AX201 160MHz,22.70.0.6,Intel(R) Wi-Fi 6 AX201 160MHz - 22.70.0.6,2618,0,0,6,2618,100.0%
Intel(R) Wi-Fi 6 AX201 160MHz,22.80.0.9,Intel(R) Wi-Fi 6 AX201 160MHz - 22.80.0.9,1059,0,0,1,1059,100.0%
Intel(R) Wi-Fi 6 AX201 160MHz,22.80.1.1,Intel(R) Wi-Fi 6 AX201 160MHz - 22.80.1.1,80077,0,0,72,80077,100.0%
Intel(R) Wi-Fi 6 AX201 160MHz,22.90.0.5,Intel(R) Wi-Fi 6 AX201 160MHz - 22.90.0.5,1416,0,0,1,1416,100.0%
Intel(R) Wi-Fi 6 AX201 160MHz,23.10.0.8,Intel(R) Wi-Fi 6 AX201 160MHz - 23.10.0.8,238,0,0,1,238,100.0%
Intel(R) Wi-Fi 6 AX201 160MHz,23.20.0.4,Intel(R) Wi-Fi 6 AX201 160MHz - 23.20.0.4,110,0,0,1,110,100.0%
Intel(R) Wi-Fi 6 AX201 160MHz,23.20.1.1,Intel(R) Wi-Fi 6 AX201 160MHz - 23.20.1.1,25,0,0,2,25,100.0%
Intel(R) Wi-Fi 6 AX201 160MHz,23.50.0.6,Intel(R) Wi-Fi 6 AX201 160MHz - 23.50.0.6,4866,1,0,8,4867,100.0%
Intel(R) Wi-Fi 6 AX201 160MHz,23.80.1.3,Intel(R) Wi-Fi 6 AX201 160MHz - 23.80.1.3,4116,0,0,3,4116,100.0%
Intel(R) Wi-Fi 6E AX210 160MHz,23.40.0.4,Intel(R) Wi-Fi 6E AX210 160MHz - 23.40.0.4,244,0,0,1,244,100.0%
